============MAT_START=============
0 0 1
1 1 1
2 2 1
2 66 0.5
3 3 1
4 4 1
5 5 1
6 6 1
7 7 1
8 8 1
9 9 1
10 10 1
10 74 0.25
11 11 1
12 12 1
13 13 1
14 14 1
15 15 1
16 16 1
16 17 0.333333
17 16 0.333333
17 17 1.11111
18 18 1
19 19 1
20 20 1
21 21 1
22 22 1
23 23 1
24 24 1
25 25 1
25 26 0.25
26 25 0.25
26 26 1.0625
27 27 1
28 28 1
28 29 0.333333
29 28 0.333333
29 29 1.11111
29 93 0.333333
30 30 1
31 31 1
32 32 1
33 33 1
34 34 1
35 35 1
36 36 1
37 37 1
38 38 1
39 39 1
40 40 1
41 41 1
42 42 1
43 43 1
44 44 1
45 45 1
45 46 0.5
46 45 0.5
46 46 1.25
46 110 0.333333
47 47 1
48 48 1
49 49 1
50 50 1
50 114 0.333333
51 51 1
52 52 1
53 53 1
54 54 1
55 55 1
55 119 0.333333
56 56 1
57 57 1
57 58 0.333333
58 57 0.333333
58 58 1.11111
58 122 0.333333
59 59 1
60 60 1
61 61 1
62 62 1
63 63 1
64 64 1
65 65 1
66 2 0.5
66 66 1.25
66 130 0.333333
67 67 1
68 68 1
68 69 0.333333
69 68 0.333333
69 69 1.11111
70 70 1
71 71 1
72 72 1
73 73 1
74 10 0.25
74 74 1.0625
74 138 0.25
75 75 1
76 76 1
76 140 0.5
77 77 1
78 78 1
79 79 1
80 80 1
81 81 1
82 82 1
83 83 1
84 84 1
84 85 0.25
84 148 0.25
85 84 0.25
85 85 1.0625
85 86 0.333333
85 148 0.0625
85 149 0.333333
86 85 0.333333
86 86 1.11111
86 149 0.111111
87 87 1
88 88 1
89 89 1
90 90 1
91 91 1
92 92 1
93 29 0.333333
93 93 1.11111
94 94 1
95 95 1
96 96 1
97 97 1
98 98 1
99 99 1
100 100 1
101 101 1
102 102 1
103 103 1
103 104 1
104 103 1
104 104 2
105 105 1
106 106 1
107 107 1
108 108 1
109 109 1
110 46 0.333333
110 110 1.11111
110 111 0.333333
111 110 0.333333
111 111 1.11111
111 175 0.5
112 112 1
113 113 1
114 50 0.333333
114 114 1.11111
115 115 1
116 116 1
117 117 1
118 118 1
118 119 0.25
119 55 0.333333
119 118 0.25
119 119 1.17361
119 183 0.25
120 120 1
121 121 1
122 58 0.333333
122 122 1.11111
123 123 1
124 124 1
125 125 1
126 126 1
127 127 1
127 128 0.5
127 191 0.5
128 127 0.5
128 128 1.25
128 191 0.25
129 129 1
130 66 0.333333
130 130 1.11111
130 131 0.5
131 130 0.5
131 131 1.25
132 132 1
133 133 1
134 134 1
135 135 1
136 136 1
137 137 1
137 138 0.333333
138 74 0.25
138 137 0.333333
138 138 1.17361
138 202 0.25
139 139 1
140 76 0.5
140 140 1.25
140 141 0.333333
141 140 0.333333
141 141 1.11111
141 205 0.333333
142 142 1
143 143 1
144 144 1
145 145 1
146 146 1
147 147 1
147 148 0.5
148 84 0.25
148 85 0.0625
148 147 0.5
148 148 1.3125
148 149 0.333333
149 85 0.333333
149 86 0.111111
149 148 0.333333
149 149 1.22222
149 213 0.25
150 150 1
151 151 1
152 152 1
152 153 1
153 152 1
153 153 2
154 154 1
155 155 1
156 156 1
157 157 1
158 158 1
159 159 1
160 160 1
161 161 1
162 162 1
163 163 1
164 164 1
165 165 1
166 166 1
167 167 1
168 168 1
169 169 1
170 170 1
171 171 1
172 172 1
173 173 1
174 174 1
175 111 0.5
175 175 1.25
176 176 1
177 177 1
178 178 1
179 179 1
180 180 1
180 181 0.5
181 180 0.5
181 181 1.25
182 182 1
183 119 0.25
183 183 1.0625
184 184 1
185 185 1
186 186 1
187 187 1
188 188 1
189 189 1
190 190 1
191 127 0.5
191 128 0.25
191 191 1.25
191 192 0.5
192 191 0.5
192 192 1.25
193 193 1
194 194 1
195 195 1
196 196 1
196 197 0.333333
197 196 0.333333
197 197 1.11111
198 198 1
199 199 1
199 200 0.5
200 199 0.5
200 200 1.25
201 201 1
202 138 0.25
202 202 1.0625
203 203 1
204 204 1
205 141 0.333333
205 205 1.11111
205 269 0.333333
206 206 1
207 207 1
208 208 1
209 209 1
210 210 1
211 211 1
212 212 1
213 149 0.25
213 213 1.0625
213 277 0.333333
214 214 1
215 215 1
216 216 1
217 217 1
218 218 1
219 219 1
220 220 1
221 221 1
222 222 1
223 223 1
224 224 1
225 225 1
226 226 1
227 227 1
228 228 1
229 229 1
230 230 1
231 231 1
231 295 0.5
232 232 1
233 233 1
234 234 1
235 235 1
236 236 1
237 237 1
238 238 1
239 239 1
240 240 1
240 304 0.5
241 241 1
242 242 1
243 243 1
244 244 1
245 245 1
246 246 1
247 247 1
248 248 1
249 249 1
250 250 1
250 251 0.5
251 250 0.5
251 251 1.25
252 252 1
253 253 1
254 254 1
255 255 1
256 256 1
257 257 1
258 258 1
259 259 1
260 260 1
261 261 1
262 262 1
262 326 0.5
263 263 1
264 264 1
265 265 1
266 266 1
267 267 1
268 268 1
269 205 0.333333
269 269 1.11111
269 270 0.5
270 269 0.5
270 270 1.25
271 271 1
272 272 1
273 273 1
274 274 1
275 275 1
276 276 1
277 213 0.333333
277 277 1.11111
277 341 0.333333
278 278 1
279 279 1
279 343 0.5
280 280 1
281 281 1
282 282 1
282 283 0.25
283 282 0.25
283 283 1.0625
283 284 0.5
284 283 0.5
284 284 1.25
284 348 0.5
285 285 1
286 286 1
286 287 0.333333
286 350 0.333333
287 286 0.333333
287 287 1.11111
287 288 0.5
287 350 0.111111
288 287 0.5
288 288 1.25
288 352 0.333333
289 289 1
290 290 1
291 291 1
292 292 1
293 293 1
293 294 0.5
294 293 0.5
294 294 1.25
294 295 0.25
295 231 0.5
295 294 0.25
295 295 1.3125
296 296 1
297 297 1
298 298 1
299 299 1
299 300 0.25
299 363 0.25
300 299 0.25
300 300 1.0625
300 363 0.0625
300 364 0.333333
301 301 1
302 302 1
303 303 1
304 240 0.5
304 304 1.25
304 305 0.25
305 304 0.25
305 305 1.0625
305 369 0.333333
306 306 1
307 307 1
308 308 1
309 309 1
310 310 1
311 311 1
312 312 1
312 376 0.5
313 313 1
314 314 1
315 315 1
316 316 1
317 317 1
318 318 1
319 319 1
320 320 1
321 321 1
322 322 1
323 323 1
324 324 1
325 325 1
326 262 0.5
326 326 1.25
327 327 1
328 328 1
329 329 1
330 330 1
331 331 1
332 332 1
333 333 1
334 334 1
335 335 1
336 336 1
337 337 1
337 338 0.5
338 337 0.5
338 338 1.25
339 339 1
340 340 1
341 277 0.333333
341 341 1.11111
342 342 1
343 279 0.5
343 343 1.25
343 344 0.333333
343 407 0.333333
344 343 0.333333
344 344 1.11111
344 345 0.333333
344 407 0.111111
345 344 0.333333
345 345 1.11111
345 409 0.25
346 346 1
347 347 1
348 284 0.5
348 348 1.25
348 412 0.333333
349 349 1
350 286 0.333333
350 287 0.111111
350 350 1.11111
351 351 1
352 288 0.333333
352 352 1.11111
352 416 0.5
353 353 1
354 354 1
355 355 1
356 356 1
357 357 1
358 358 1
359 359 1
360 360 1
361 361 1
362 362 1
363 299 0.25
363 300 0.0625
363 363 1.0625
363 364 0.333333
364 300 0.333333
364 363 0.333333
364 364 1.22222
364 428 0.333333
365 365 1
366 366 1
367 367 1
368 368 1
369 305 0.333333
369 369 1.11111
370 370 1
371 371 1
372 372 1
373 373 1
374 374 1
375 375 1
376 312 0.5
376 376 1.25
376 377 0.333333
377 376 0.333333
377 377 1.11111
377 378 0.333333
377 441 0.333333
378 377 0.333333
378 378 1.11111
378 441 0.111111
378 442 0.5
379 379 1
380 380 1
381 381 1
382 382 1
383 383 1
384 384 1
385 385 1
386 386 1
386 387 0.333333
387 386 0.333333
387 387 1.11111
388 388 1
389 389 1
390 390 1
391 391 1
392 392 1
393 393 1
394 394 1
395 395 1
395 459 0.5
396 396 1
397 397 1
398 398 1
399 399 1
400 400 1
401 401 1
402 402 1
403 403 1
404 404 1
405 405 1
406 406 1
407 343 0.333333
407 344 0.111111
407 407 1.11111
407 471 0.25
408 408 1
409 345 0.25
409 409 1.0625
410 410 1
411 411 1
411 412 0.333333
411 475 0.333333
412 348 0.333333
412 411 0.333333
412 412 1.22222
412 413 0.333333
412 475 0.111111
413 412 0.333333
413 413 1.11111
413 477 0.25
414 414 1
415 415 1
416 352 0.5
416 416 1.25
416 417 0.333333
417 416 0.333333
417 417 1.11111
418 418 1
419 419 1
419 420 0.333333
420 419 0.333333
420 420 1.11111
420 421 0.333333
421 420 0.333333
421 421 1.11111
422 422 1
423 423 1
424 424 1
425 425 1
426 426 1
427 427 1
428 364 0.333333
428 428 1.11111
428 492 0.25
429 429 1
430 430 1
431 431 1
432 432 1
433 433 1
434 434 1
435 435 1
435 436 0.25
436 435 0.25
436 436 1.0625
437 437 1
438 438 1
438 439 0.25
439 438 0.25
439 439 1.0625
440 440 1
441 377 0.333333
441 378 0.111111
441 441 1.11111
441 442 0.25
442 378 0.5
442 441 0.25
442 442 1.3125
443 443 1
444 444 1
445 445 1
446 446 1
447 447 1
448 448 1
448 512 0.333333
449 449 1
450 450 1
451 451 1
452 452 1
453 453 1
454 454 1
455 455 1
455 456 0.333333
456 455 0.333333
456 456 1.11111
457 457 1
458 458 1
459 395 0.5
459 459 1.25
459 523 0.333333
460 460 1
461 461 1
461 462 0.5
462 461 0.5
462 462 1.25
462 526 0.25
463 463 1
464 464 1
465 465 1
466 466 1
466 467 0.5
466 530 0.5
467 466 0.5
467 467 1.25
467 530 0.25
468 468 1
469 469 1
470 470 1
471 407 0.25
471 471 1.0625
471 472 0.5
472 471 0.5
472 472 1.25
472 536 0.25
473 473 1
474 474 1
475 411 0.333333
475 412 0.111111
475 475 1.11111
475 539 0.333333
476 476 1
477 413 0.25
477 477 1.0625
477 478 0.333333
478 477 0.333333
478 478 1.11111
479 479 1
480 480 1
481 481 1
482 482 1
483 483 1
484 484 1
485 485 1
486 486 1
487 487 1
488 488 1
489 489 1
490 490 1
490 554 0.25
491 491 1
492 428 0.25
492 492 1.0625
492 556 0.25
493 493 1
494 494 1
495 495 1
496 496 1
497 497 1
498 498 1
499 499 1
500 500 1
501 501 1
501 565 0.25
502 502 1
503 503 1
504 504 1
505 505 1
506 506 1
507 507 1
508 508 1
508 572 0.25
509 509 1
510 510 1
511 511 1
511 512 0.5
512 448 0.333333
512 511 0.5
512 512 1.36111
512 576 0.333333
513 513 1
514 514 1
514 578 0.333333
515 515 1
516 516 1
517 517 1
518 518 1
519 519 1
520 520 1
521 521 1
522 522 1
523 459 0.333333
523 523 1.11111
524 524 1
525 525 1
526 462 0.25
526 526 1.0625
527 527 1
528 528 1
529 529 1
530 466 0.5
530 467 0.25
530 530 1.25
531 531 1
532 532 1
533 533 1
534 534 1
535 535 1
536 472 0.25
536 536 1.0625
537 537 1
538 538 1
538 539 0.25
538 602 0.25
539 475 0.333333
539 538 0.25
539 539 1.17361
539 602 0.0625
540 540 1
541 541 1
542 542 1
543 543 1
544 544 1
545 545 1
546 546 1
547 547 1
548 548 1
548 612 0.5
549 549 1
550 550 1
551 551 1
552 552 1
553 553 1
554 490 0.25
554 554 1.0625
554 618 0.333333
555 555 1
556 492 0.25
556 556 1.0625
557 557 1
558 558 1
559 559 1
560 560 1
561 561 1
562 562 1
563 563 1
564 564 1
564 565 0.25
564 628 0.25
565 501 0.25
565 564 0.25
565 565 1.125
565 628 0.0625
566 566 1
567 567 1
568 568 1
569 569 1
570 570 1
571 571 1
572 508 0.25
572 572 1.0625
573 573 1
574 574 1
575 575 1
576 512 0.333333
576 576 1.11111
576 577 0.333333
577 576 0.333333
577 577 1.11111
577 578 0.333333
577 641 0.333333
578 514 0.333333
578 577 0.333333
578 578 1.22222
578 641 0.111111
578 642 0.333333
579 579 1
580 580 1
580 644 1
581 581 1
582 582 1
583 583 1
584 584 1
585 585 1
586 586 1
587 587 1
588 588 1
588 589 1
589 588 1
589 589 2
590 590 1
591 591 1
592 592 1
593 593 1
593 657 0.333333
594 594 1
595 595 1
596 596 1
597 597 1
598 598 1
599 599 1
600 600 1
601 601 1
602 538 0.25
602 539 0.0625
602 602 1.0625
602 666 0.5
603 603 1
604 604 1
605 605 1
606 606 1
607 607 1
608 608 1
609 609 1
610 610 1
611 611 1
611 612 1
612 548 0.5
612 611 1
612 612 2.25
612 613 0.333333
613 612 0.333333
613 613 1.11111
613 614 0.333333
614 613 0.333333
614 614 1.11111
615 615 1
616 616 1
617 617 1
617 618 0.25
618 554 0.333333
618 617 0.25
618 618 1.17361
618 619 0.333333
619 618 0.333333
619 619 1.11111
619 683 0.5
620 620 1
621 621 1
622 622 1
623 623 1
624 624 1
625 625 1
626 626 1
627 627 1
627 628 0.25
627 691 0.25
628 564 0.25
628 565 0.0625
628 627 0.25
628 628 1.125
628 691 0.0625
629 629 1
630 630 1
631 631 1
632 632 1
633 633 1
634 634 1
635 635 1
635 699 0.333333
636 636 1
637 637 1
638 638 1
638 639 0.333333
638 702 0.333333
639 638 0.333333
639 639 1.11111
639 640 0.333333
639 702 0.111111
640 639 0.333333
640 640 1.11111
641 577 0.333333
641 578 0.111111
641 641 1.11111
641 642 0.5
642 578 0.333333
642 641 0.5
642 642 1.36111
642 706 0.333333
643 643 1
644 580 1
644 644 2
645 645 1
646 646 1
647 647 1
648 648 1
649 649 1
650 650 1
651 651 1
652 652 1
653 653 1
654 654 1
655 655 1
656 656 1
657 593 0.333333
657 657 1.11111
657 658 0.25
658 657 0.25
658 658 1.0625
658 722 0.25
659 659 1
660 660 1
661 661 1
661 725 0.5
662 662 1
663 663 1
663 727 0.5
664 664 1
665 665 1
666 602 0.5
666 666 1.25
666 667 0.5
667 666 0.5
667 667 1.25
668 668 1
669 669 1
670 670 1
671 671 1
672 672 1
673 673 1
673 674 0.333333
673 737 0.333333
674 673 0.333333
674 674 1.11111
674 737 0.111111
674 738 0.5
675 675 1
676 676 1
677 677 1
678 678 1
679 679 1
680 680 1
681 681 1
682 682 1
683 619 0.5
683 683 1.25
683 684 0.333333
684 683 0.333333
684 684 1.11111
684 748 0.333333
685 685 1
686 686 1
687 687 1
688 688 1
688 689 1
689 688 1
689 689 2
690 690 1
691 627 0.25
691 628 0.0625
691 691 1.0625
691 755 0.25
692 692 1
693 693 1
693 757 0.333333
694 694 1
695 695 1
696 696 1
697 697 1
698 698 1
699 635 0.333333
699 699 1.11111
699 763 0.333333
700 700 1
701 701 1
702 638 0.333333
702 639 0.111111
702 702 1.11111
702 766 0.25
703 703 1
704 704 1
705 705 1
706 642 0.333333
706 706 1.11111
707 707 1
708 708 1
709 709 1
710 710 1
711 711 1
712 712 1
713 713 1
714 714 1
715 715 1
716 716 1
717 717 1
718 718 1
719 719 1
720 720 1
721 721 1
722 658 0.25
722 722 1.0625
723 723 1
724 724 1
724 725 0.333333
724 788 0.333333
725 661 0.5
725 724 0.333333
725 725 1.36111
725 788 0.111111
725 789 0.333333
726 726 1
727 663 0.5
727 727 1.25
728 728 1
729 729 1
729 793 0.5
730 730 1
731 731 1
732 732 1
733 733 1
734 734 1
735 735 1
735 736 0.333333
736 735 0.333333
736 736 1.11111
736 737 0.25
737 673 0.333333
737 674 0.111111
737 736 0.25
737 737 1.17361
737 738 0.25
737 801 0.25
738 674 0.5
738 737 0.25
738 738 1.3125
738 801 0.0625
739 739 1
740 740 1
741 741 1
742 742 1
743 743 1
744 744 1
745 745 1
746 746 1
747 747 1
748 684 0.333333
748 748 1.11111
748 812 0.333333
749 749 1
750 750 1
751 751 1
752 752 1
753 753 1
754 754 1
754 755 0.5
755 691 0.25
755 754 0.5
755 755 1.3125
756 756 1
757 693 0.333333
757 757 1.11111
757 758 0.25
758 757 0.25
758 758 1.0625
758 759 0.25
759 758 0.25
759 759 1.0625
760 760 1
761 761 1
762 762 1
763 699 0.333333
763 763 1.11111
763 764 0.5
764 763 0.5
764 764 1.25
765 765 1
766 702 0.25
766 766 1.0625
766 767 0.333333
767 766 0.333333
767 767 1.11111
767 768 0.25
767 831 0.25
768 767 0.25
768 768 1.0625
768 831 0.0625
769 769 1
770 770 1
771 771 1
772 772 1
772 836 0.25
773 773 1
774 774 1
775 775 1
776 776 1
777 777 1
778 778 1
779 779 1
780 780 1
781 781 1
782 782 1
783 783 1
783 784 0.5
784 783 0.5
784 784 1.25
785 785 1
786 786 1
787 787 1
788 724 0.333333
788 725 0.111111
788 788 1.11111
788 789 0.25
788 852 0.25
789 725 0.333333
789 788 0.25
789 789 1.17361
789 852 0.0625
789 853 0.25
790 790 1
791 791 1
792 792 1
793 729 0.5
793 793 1.25
793 794 0.333333
793 857 0.333333
794 793 0.333333
794 794 1.11111
794 857 0.111111
795 795 1
796 796 1
797 797 1
798 798 1
799 799 1
800 800 1
801 737 0.25
801 738 0.0625
801 801 1.0625
801 865 0.25
802 802 1
803 803 1
804 804 1
804 805 0.25
805 804 0.25
805 805 1.0625
805 806 0.25
806 805 0.25
806 806 1.0625
806 807 0.333333
807 806 0.333333
807 807 1.11111
808 808 1
809 809 1
810 810 1
811 811 1
812 748 0.333333
812 812 1.11111
813 813 1
814 814 1
814 815 0.333333
814 878 0.333333
815 814 0.333333
815 815 1.11111
815 816 0.333333
815 878 0.111111
816 815 0.333333
816 816 1.11111
817 817 1
818 818 1
819 819 1
820 820 1
821 821 1
822 822 1
823 823 1
824 824 1
825 825 1
826 826 1
827 827 1
828 828 1
829 829 1
830 830 1
831 767 0.25
831 768 0.0625
831 831 1.0625
831 832 0.25
832 831 0.25
832 832 1.0625
833 833 1
834 834 1
835 835 1
836 772 0.25
836 836 1.0625
837 837 1
838 838 1
839 839 1
839 903 0.333333
840 840 1
841 841 1
842 842 1
842 906 1
843 843 1
844 844 1
845 845 1
845 846 0.5
846 845 0.5
846 846 1.25
847 847 1
848 848 1
849 849 1
850 850 1
851 851 1
852 788 0.25
852 789 0.0625
852 852 1.0625
852 853 0.25
853 789 0.25
853 852 0.25
853 853 1.125
853 917 0.333333
854 854 1
855 855 1
856 856 1
857 793 0.333333
857 794 0.111111
857 857 1.11111
858 858 1
859 859 1
860 860 1
861 861 1
862 862 1
863 863 1
864 864 1
865 801 0.25
865 865 1.0625
866 866 1
867 867 1
868 868 1
869 869 1
870 870 1
871 871 1
872 872 1
873 873 1
874 874 1
875 875 1
876 876 1
877 877 1
877 878 0.333333
877 941 0.333333
878 814 0.333333
878 815 0.111111
878 877 0.333333
878 878 1.22222
878 941 0.111111
879 879 1
880 880 1
881 881 1
882 882 1
883 883 1
884 884 1
885 885 1
885 886 0.5
886 885 0.5
886 886 1.25
886 887 0.25
886 950 0.25
887 886 0.25
887 887 1.0625
887 888 0.25
887 950 0.0625
887 951 0.25
888 887 0.25
888 888 1.0625
888 951 0.0625
889 889 1
890 890 1
891 891 1
891 955 1
892 892 1
893 893 1
894 894 1
895 895 1
896 896 1
897 897 1
898 898 1
899 899 1
900 900 1
901 901 1
902 902 1
903 839 0.333333
903 903 1.11111
904 904 1
905 905 1
906 842 1
906 906 2
907 907 1
908 908 1
909 909 1
910 910 1
911 911 1
912 912 1
913 913 1
913 914 0.333333
914 913 0.333333
914 914 1.11111
914 915 0.333333
914 978 0.333333
915 914 0.333333
915 915 1.11111
915 978 0.111111
916 916 1
917 853 0.333333
917 917 1.11111
918 918 1
919 919 1
920 920 1
921 921 1
922 922 1
923 923 1
924 924 1
925 925 1
925 926 0.333333
926 925 0.333333
926 926 1.11111
927 927 1
928 928 1
929 929 1
930 930 1
931 931 1
932 932 1
933 933 1
934 934 1
935 935 1
935 936 1
936 935 1
936 936 2
936 937 0.25
937 936 0.25
937 937 1.0625
937 938 0.25
938 937 0.25
938 938 1.0625
938 939 0.25
939 938 0.25
939 939 1.0625
940 940 1
941 877 0.333333
941 878 0.111111
941 941 1.11111
942 942 1
943 943 1
943 944 0.5
944 943 0.5
944 944 1.25
945 945 1
946 946 1
947 947 1
948 948 1
949 949 1
950 886 0.25
950 887 0.0625
950 950 1.0625
950 951 0.333333
950 1014 0.333333
951 887 0.25
951 888 0.0625
951 950 0.333333
951 951 1.17361
951 1014 0.111111
952 952 1
953 953 1
954 954 1
955 891 1
955 955 2
956 956 1
957 957 1
958 958 1
959 959 1
959 960 0.333333
960 959 0.333333
960 960 1.11111
961 961 1
962 962 1
963 963 1
963 1027 0.5
964 964 1
965 965 1
965 966 0.25
966 965 0.25
966 966 1.0625
967 967 1
968 968 1
969 969 1
970 970 1
971 971 1
972 972 1
973 973 1
974 974 1
975 975 1
976 976 1
977 977 1
978 914 0.333333
978 915 0.111111
978 978 1.11111
979 979 1
980 980 1
981 981 1
982 982 1
983 983 1
984 984 1
985 985 1
986 986 1
987 987 1
988 988 1
989 989 1
990 990 1
991 991 1
992 992 1
993 993 1
994 994 1
995 995 1
995 1059 0.5
996 996 1
997 997 1
998 998 1
999 999 1
1000 1000 1
1001 1001 1
1002 1002 1
1003 1003 1
1004 1004 1
1005 1005 1
1006 1006 1
1007 1007 1
1008 1008 1
1009 1009 1
1010 1010 1
1011 1011 1
1012 1012 1
1013 1013 1
1013 1014 1
1014 950 0.333333
1014 951 0.111111
1014 1013 1
1014 1014 2.11111
1015 1015 1
1016 1016 1
1017 1017 1
1018 1018 1
1019 1019 1
1020 1020 1
1021 1021 1
1021 1085 0.333333
1022 1022 1
1023 1023 1
1024 1024 1
1025 1025 1
1026 1026 1
1027 963 0.5
1027 1027 1.25
1028 1028 1
1029 1029 1
1030 1030 1
1031 1031 1
1032 1032 1
1033 1033 1
1034 1034 1
1035 1035 1
1036 1036 1
1036 1100 0.333333
1037 1037 1
1038 1038 1
1039 1039 1
1040 1040 1
1041 1041 1
1042 1042 1
1043 1043 1
1044 1044 1
1045 1045 1
1046 1046 1
1046 1047 0.25
1046 1110 0.25
1047 1046 0.25
1047 1047 1.0625
1047 1048 0.25
1047 1110 0.0625
1048 1047 0.25
1048 1048 1.0625
1048 1112 0.333333
1049 1049 1
1050 1050 1
1051 1051 1
1051 1115 0.333333
1052 1052 1
1053 1053 1
1054 1054 1
1054 1118 0.5
1055 1055 1
1056 1056 1
1057 1057 1
1057 1121 0.5
1058 1058 1
1059 995 0.5
1059 1059 1.25
1060 1060 1
1061 1061 1
1062 1062 1
1062 1126 0.5
1063 1063 1
1064 1064 1
1065 1065 1
1066 1066 1
1067 1067 1
1068 1068 1
1068 1069 0.333333
1069 1068 0.333333
1069 1069 1.11111
1069 1070 0.25
1069 1133 0.25
1070 1069 0.25
1070 1070 1.0625
1070 1133 0.0625
1070 1134 0.25
1071 1071 1
1072 1072 1
1073 1073 1
1074 1074 1
1075 1075 1
1075 1139 0.333333
1076 1076 1
1077 1077 1
1078 1078 1
1079 1079 1
1080 1080 1
1081 1081 1
1082 1082 1
1083 1083 1
1084 1084 1
1085 1021 0.333333
1085 1085 1.11111
1086 1086 1
1087 1087 1
1087 1088 0.5
1087 1151 0.5
1088 1087 0.5
1088 1088 1.25
1088 1151 0.25
1089 1089 1
1090 1090 1
1090 1154 0.5
1091 1091 1
1092 1092 1
1093 1093 1
1094 1094 1
1095 1095 1
1096 1096 1
1097 1097 1
1097 1098 0.333333
1097 1161 0.333333
1098 1097 0.333333
1098 1098 1.11111
1098 1161 0.111111
1099 1099 1
1100 1036 0.333333
1100 1100 1.11111
1101 1101 1
1102 1102 1
1103 1103 1
1104 1104 1
1105 1105 1
1106 1106 1
1107 1107 1
1108 1108 1
1109 1109 1
1110 1046 0.25
1110 1047 0.0625
1110 1110 1.0625
1111 1111 1
1112 1048 0.333333
1112 1112 1.11111
1112 1176 0.25
1113 1113 1
1114 1114 1
1115 1051 0.333333
1115 1115 1.11111
1115 1179 0.333333
1116 1116 1
1117 1117 1
1117 1118 0.5
1117 1181 0.5
1118 1054 0.5
1118 1117 0.5
1118 1118 1.5
1118 1181 0.25
1119 1119 1
1120 1120 1
1121 1057 0.5
1121 1121 1.25
1122 1122 1
1123 1123 1
1124 1124 1
1125 1125 1
1125 1126 0.25
1125 1189 0.25
1126 1062 0.5
1126 1125 0.25
1126 1126 1.3125
1126 1189 0.0625
1127 1127 1
1128 1128 1
1129 1129 1
1130 1130 1
1131 1131 1
1132 1132 1
1133 1069 0.25
1133 1070 0.0625
1133 1133 1.0625
1133 1134 0.333333
1134 1070 0.25
1134 1133 0.333333
1134 1134 1.17361
1135 1135 1
1136 1136 1
1137 1137 1
1137 1201 0.333333
1138 1138 1
1139 1075 0.333333
1139 1139 1.11111
1139 1140 0.25
1140 1139 0.25
1140 1140 1.0625
1140 1141 0.333333
1140 1204 0.333333
1141 1140 0.333333
1141 1141 1.11111
1141 1204 0.111111
1142 1142 1
1143 1143 1
1144 1144 1
1145 1145 1
1146 1146 1
1147 1147 1
1148 1148 1
1149 1149 1
1150 1150 1
1151 1087 0.5
1151 1088 0.25
1151 1151 1.25
1151 1152 0.25
1151 1215 0.25
1152 1151 0.25
1152 1152 1.0625
1152 1215 0.0625
1153 1153 1
1154 1090 0.5
1154 1154 1.25
1155 1155 1
1156 1156 1
1157 1157 1
1158 1158 1
1159 1159 1
1160 1160 1
1160 1161 0.333333
1161 1097 0.333333
1161 1098 0.111111
1161 1160 0.333333
1161 1161 1.22222
1161 1225 0.333333
1162 1162 1
1163 1163 1
1164 1164 1
1165 1165 1
1166 1166 1
1167 1167 1
1168 1168 1
1169 1169 1
1170 1170 1
1171 1171 1
1172 1172 1
1173 1173 1
1174 1174 1
1175 1175 1
1176 1112 0.25
1176 1176 1.0625
1176 1177 0.5
1177 1176 0.5
1177 1177 1.25
1177 1241 0.333333
1178 1178 1
1179 1115 0.333333
1179 1179 1.11111
1180 1180 1
1181 1117 0.5
1181 1118 0.25
1181 1181 1.25
1181 1245 0.5
1182 1182 1
1183 1183 1
1184 1184 1
1185 1185 1
1186 1186 1
1187 1187 1
1188 1188 1
1189 1125 0.25
1189 1126 0.0625
1189 1189 1.0625
1190 1190 1
1191 1191 1
1191 1255 0.5
1192 1192 1
1193 1193 1
1194 1194 1
1194 1258 0.5
1195 1195 1
1196 1196 1
1197 1197 1
1198 1198 1
1199 1199 1
1200 1200 1
1201 1137 0.333333
1201 1201 1.11111
1202 1202 1
1203 1203 1
1204 1140 0.333333
1204 1141 0.111111
1204 1204 1.11111
1205 1205 1
1206 1206 1
1207 1207 1
1208 1208 1
1209 1209 1
1210 1210 1
1210 1211 0.333333
1210 1274 0.333333
1211 1210 0.333333
1211 1211 1.11111
1211 1274 0.111111
1211 1275 0.25
1212 1212 1
1213 1213 1
1214 1214 1
1215 1151 0.25
1215 1152 0.0625
1215 1215 1.0625
1215 1216 0.333333
1216 1215 0.333333
1216 1216 1.11111
1217 1217 1
1218 1218 1
1219 1219 1
1220 1220 1
1221 1221 1
1222 1222 1
1223 1223 1
1224 1224 1
1225 1161 0.333333
1225 1225 1.11111
1225 1226 0.333333
1226 1225 0.333333
1226 1226 1.11111
1227 1227 1
1228 1228 1
1229 1229 1
1230 1230 1
1231 1231 1
1232 1232 1
1233 1233 1
1234 1234 1
1235 1235 1
1236 1236 1
1237 1237 1
1238 1238 1
1239 1239 1
1239 1303 0.5
1240 1240 1
1241 1177 0.333333
1241 1241 1.11111
1242 1242 1
1243 1243 1
1244 1244 1
1245 1181 0.5
1245 1245 1.25
1245 1309 0.25
1246 1246 1
1247 1247 1
1248 1248 1
1249 1249 1
1250 1250 1
1251 1251 1
1252 1252 1
1253 1253 1
1254 1254 1
1255 1191 0.5
1255 1255 1.25
1256 1256 1
1257 1257 1
1258 1194 0.5
1258 1258 1.25
1259 1259 1
1260 1260 1
1260 1324 0.5
1261 1261 1
1262 1262 1
1262 1326 0.25
1263 1263 1
1264 1264 1
1265 1265 1
1266 1266 1
1266 1267 0.5
1267 1266 0.5
1267 1267 1.25
1268 1268 1
1269 1269 1
1270 1270 1
1271 1271 1
1272 1272 1
1273 1273 1
1274 1210 0.333333
1274 1211 0.111111
1274 1274 1.11111
1274 1275 0.25
1274 1338 0.25
1275 1211 0.25
1275 1274 0.25
1275 1275 1.125
1275 1338 0.0625
1275 1339 0.25
1276 1276 1
1277 1277 1
1278 1278 1
1279 1279 1
1280 1280 1
1281 1281 1
1281 1345 0.333333
1282 1282 1
1283 1283 1
1284 1284 1
1285 1285 1
1286 1286 1
1286 1350 0.333333
1287 1287 1
1288 1288 1
1289 1289 1
1290 1290 1
1291 1291 1
1292 1292 1
1293 1293 1
1294 1294 1
1295 1295 1
1296 1296 1
1297 1297 1
1298 1298 1
1299 1299 1
1300 1300 1
1301 1301 1
1302 1302 1
1303 1239 0.5
1303 1303 1.25
1304 1304 1
1305 1305 1
1306 1306 1
1307 1307 1
1308 1308 1
1309 1245 0.25
1309 1309 1.0625
1309 1373 0.333333
1310 1310 1
1311 1311 1
1311 1312 0.5
1312 1311 0.5
1312 1312 1.25
1312 1376 0.5
1313 1313 1
1314 1314 1
1315 1315 1
1315 1316 1
1316 1315 1
1316 1316 2
1317 1317 1
1318 1318 1
1318 1382 0.5
1319 1319 1
1320 1320 1
1321 1321 1
1322 1322 1
1323 1323 1
1324 1260 0.5
1324 1324 1.25
1324 1388 0.333333
1325 1325 1
1326 1262 0.25
1326 1326 1.0625
1327 1327 1
1328 1328 1
1329 1329 1
1330 1330 1
1331 1331 1
1332 1332 1
1332 1396 0.333333
1333 1333 1
1334 1334 1
1335 1335 1
1336 1336 1
1337 1337 1
1338 1274 0.25
1338 1275 0.0625
1338 1338 1.0625
1338 1339 0.5
1339 1275 0.25
1339 1338 0.5
1339 1339 1.3125
1339 1340 0.25
1339 1403 0.25
1340 1339 0.25
1340 1340 1.0625
1340 1403 0.0625
1340 1404 0.333333
1341 1341 1
1342 1342 1
1342 1343 1
1343 1342 1
1343 1343 2
1343 1344 0.5
1344 1343 0.5
1344 1344 1.25
1344 1345 0.333333
1345 1281 0.333333
1345 1344 0.333333
1345 1345 1.22222
1345 1346 0.25
1345 1409 0.25
1346 1345 0.25
1346 1346 1.0625
1346 1409 0.0625
1346 1410 0.333333
1347 1347 1
1348 1348 1
1349 1349 1
1350 1286 0.333333
1350 1350 1.11111
1351 1351 1
1352 1352 1
1353 1353 1
1354 1354 1
1355 1355 1
1356 1356 1
1357 1357 1
1358 1358 1
1359 1359 1
1359 1423 0.5
1360 1360 1
1361 1361 1
1362 1362 1
1363 1363 1
1364 1364 1
1365 1365 1
1366 1366 1
1367 1367 1
1368 1368 1
1369 1369 1
1370 1370 1
1371 1371 1
1372 1372 1
1373 1309 0.333333
1373 1373 1.11111
1374 1374 1
1375 1375 1
1376 1312 0.5
1376 1376 1.25
1376 1440 0.333333
1377 1377 1
1378 1378 1
1379 1379 1
1380 1380 1
1381 1381 1
1381 1382 0.5
1382 1318 0.5
1382 1381 0.5
1382 1382 1.5
1382 1383 0.25
1382 1446 0.25
1383 1382 0.25
1383 1383 1.0625
1383 1384 0.333333
1383 1446 0.0625
1384 1383 0.333333
1384 1384 1.11111
1384 1385 0.333333
1384 1448 0.333333
1385 1384 0.333333
1385 1385 1.11111
1385 1448 0.111111
1386 1386 1
1387 1387 1
1387 1388 0.333333
1388 1324 0.333333
1388 1387 0.333333
1388 1388 1.22222
1388 1452 0.25
1389 1389 1
1390 1390 1
1391 1391 1
1392 1392 1
1393 1393 1
1394 1394 1
1395 1395 1
1395 1396 0.333333
1396 1332 0.333333
1396 1395 0.333333
1396 1396 1.22222
1396 1397 0.25
1397 1396 0.25
1397 1397 1.0625
1398 1398 1
1399 1399 1
1400 1400 1
1401 1401 1
1402 1402 1
1403 1339 0.25
1403 1340 0.0625
1403 1403 1.0625
1403 1404 0.5
1404 1340 0.333333
1404 1403 0.5
1404 1404 1.36111
1405 1405 1
1406 1406 1
1407 1407 1
1408 1408 1
1409 1345 0.25
1409 1346 0.0625
1409 1409 1.0625
1409 1410 0.25
1410 1346 0.333333
1410 1409 0.25
1410 1410 1.17361
1411 1411 1
1412 1412 1
1413 1413 1
1414 1414 1
1415 1415 1
1416 1416 1
1417 1417 1
1418 1418 1
1419 1419 1
1420 1420 1
1421 1421 1
1421 1485 0.5
1422 1422 1
1423 1359 0.5
1423 1423 1.25
1423 1424 0.333333
1424 1423 0.333333
1424 1424 1.11111
1425 1425 1
1426 1426 1
1427 1427 1
1428 1428 1
1429 1429 1
1430 1430 1
1431 1431 1
1432 1432 1
1433 1433 1
1434 1434 1
1435 1435 1
1436 1436 1
1437 1437 1
1438 1438 1
1439 1439 1
1439 1440 0.5
1440 1376 0.333333
1440 1439 0.5
1440 1440 1.36111
1440 1441 0.25
1440 1504 0.25
1441 1440 0.25
1441 1441 1.0625
1441 1442 0.25
1441 1504 0.0625
1441 1505 0.25
1442 1441 0.25
1442 1442 1.0625
1442 1505 0.0625
1442 1506 0.25
1443 1443 1
1444 1444 1
1444 1508 0.333333
1445 1445 1
1446 1382 0.25
1446 1383 0.0625
1446 1446 1.0625
1446 1510 0.25
1447 1447 1
1448 1384 0.333333
1448 1385 0.111111
1448 1448 1.11111
1449 1449 1
1450 1450 1
1451 1451 1
1452 1388 0.25
1452 1452 1.0625
1453 1453 1
1454 1454 1
1455 1455 1
1456 1456 1
1457 1457 1
1457 1521 0.25
1458 1458 1
1459 1459 1
1460 1460 1
1461 1461 1
1462 1462 1
1463 1463 1
1464 1464 1
1465 1465 1
1466 1466 1
1467 1467 1
1468 1468 1
1469 1469 1
1470 1470 1
1471 1471 1
1472 1472 1
1473 1473 1
1474 1474 1
1475 1475 1
1476 1476 1
1477 1477 1
1478 1478 1
1479 1479 1
1480 1480 1
1481 1481 1
1482 1482 1
1483 1483 1
1484 1484 1
1485 1421 0.5
1485 1485 1.25
1485 1486 0.25
1486 1485 0.25
1486 1486 1.0625
1486 1550 0.333333
1487 1487 1
1488 1488 1
1489 1489 1
1490 1490 1
1491 1491 1
1492 1492 1
1493 1493 1
1493 1494 0.5
1494 1493 0.5
1494 1494 1.25
1495 1495 1
1496 1496 1
1497 1497 1
1498 1498 1
1498 1562 0.5
1499 1499 1
1500 1500 1
1500 1501 0.333333
1501 1500 0.333333
1501 1501 1.11111
1502 1502 1
1503 1503 1
1504 1440 0.25
1504 1441 0.0625
1504 1504 1.0625
1504 1505 0.333333
1505 1441 0.25
1505 1442 0.0625
1505 1504 0.333333
1505 1505 1.17361
1505 1506 0.333333
1506 1442 0.25
1506 1505 0.333333
1506 1506 1.17361
1507 1507 1
1508 1444 0.333333
1508 1508 1.11111
1508 1572 0.25
1509 1509 1
1510 1446 0.25
1510 1510 1.0625
1511 1511 1
1512 1512 1
1513 1513 1
1514 1514 1
1515 1515 1
1515 1579 0.5
1516 1516 1
1517 1517 1
1518 1518 1
1519 1519 1
1520 1520 1
1521 1457 0.25
1521 1521 1.0625
1522 1522 1
1523 1523 1
1524 1524 1
1525 1525 1
1526 1526 1
1527 1527 1
1528 1528 1
1529 1529 1
1530 1530 1
1531 1531 1
1532 1532 1
1532 1533 0.333333
1532 1596 0.333333
1533 1532 0.333333
1533 1533 1.11111
1533 1596 0.111111
1534 1534 1
1535 1535 1
1535 1536 0.5
1536 1535 0.5
1536 1536 1.25
1536 1537 0.25
1536 1600 0.25
1537 1536 0.25
1537 1537 1.0625
1537 1600 0.0625
1537 1601 0.25
1538 1538 1
1539 1539 1
1540 1540 1
1541 1541 1
1542 1542 1
1543 1543 1
1544 1544 1
1544 1545 0.25
1545 1544 0.25
1545 1545 1.0625
1546 1546 1
1547 1547 1
1548 1548 1
1549 1549 1
1550 1486 0.333333
1550 1550 1.11111
1550 1614 0.333333
1551 1551 1
1552 1552 1
1553 1553 1
1554 1554 1
1555 1555 1
1556 1556 1
1557 1557 1
1558 1558 1
1559 1559 1
1560 1560 1
1561 1561 1
1562 1498 0.5
1562 1562 1.25
1563 1563 1
1564 1564 1
1565 1565 1
1566 1566 1
1567 1567 1
1568 1568 1
1569 1569 1
1570 1570 1
1571 1571 1
1571 1572 0.5
1572 1508 0.25
1572 1571 0.5
1572 1572 1.3125
1573 1573 1
1574 1574 1
1575 1575 1
1576 1576 1
1576 1640 0.333333
1577 1577 1
1578 1578 1
1579 1515 0.5
1579 1579 1.25
1580 1580 1
1581 1581 1
1582 1582 1
1583 1583 1
1584 1584 1
1585 1585 1
1586 1586 1
1587 1587 1
1587 1651 0.333333
1588 1588 1
1589 1589 1
1590 1590 1
1591 1591 1
1591 1592 0.333333
1592 1591 0.333333
1592 1592 1.11111
1592 1593 0.333333
1593 1592 0.333333
1593 1593 1.11111
1593 1594 0.25
1594 1593 0.25
1594 1594 1.0625
1594 1658 0.333333
1595 1595 1
1596 1532 0.333333
1596 1533 0.111111
1596 1596 1.11111
1597 1597 1
1598 1598 1
1599 1599 1
1600 1536 0.25
1600 1537 0.0625
1600 1600 1.0625
1600 1601 0.25
1601 1537 0.25
1601 1600 0.25
1601 1601 1.125
1602 1602 1
1603 1603 1
1604 1604 1
1605 1605 1
1606 1606 1
1607 1607 1
1608 1608 1
1609 1609 1
1610 1610 1
1610 1611 0.5
1611 1610 0.5
1611 1611 1.25
1611 1612 0.333333
1611 1675 0.333333
1612 1611 0.333333
1612 1612 1.11111
1612 1613 0.333333
1612 1675 0.111111
1613 1612 0.333333
1613 1613 1.11111
1613 1614 0.25
1614 1550 0.333333
1614 1613 0.25
1614 1614 1.17361
1614 1615 0.25
1615 1614 0.25
1615 1615 1.0625
1615 1616 0.333333
1615 1679 0.333333
1616 1615 0.333333
1616 1616 1.11111
1616 1679 0.111111
1617 1617 1
1618 1618 1
1619 1619 1
1620 1620 1
1621 1621 1
1622 1622 1
1623 1623 1
1624 1624 1
1625 1625 1
1626 1626 1
1627 1627 1
1628 1628 1
1629 1629 1
1630 1630 1
1631 1631 1
1632 1632 1
1633 1633 1
1634 1634 1
1635 1635 1
1636 1636 1
1637 1637 1
1637 1638 0.333333
1638 1637 0.333333
1638 1638 1.11111
1639 1639 1
1640 1576 0.333333
1640 1640 1.11111
1640 1641 0.333333
1641 1640 0.333333
1641 1641 1.11111
1642 1642 1
1643 1643 1
1644 1644 1
1645 1645 1
1646 1646 1
1647 1647 1
1648 1648 1
1649 1649 1
1650 1650 1
1651 1587 0.333333
1651 1651 1.11111
1652 1652 1
1653 1653 1
1654 1654 1
1654 1718 0.333333
1655 1655 1
1656 1656 1
1657 1657 1
1658 1594 0.333333
1658 1658 1.11111
1659 1659 1
1660 1660 1
1661 1661 1
1662 1662 1
1663 1663 1
1664 1664 1
1665 1665 1
1666 1666 1
1667 1667 1
1668 1668 1
1669 1669 1
1670 1670 1
1671 1671 1
1672 1672 1
1673 1673 1
1674 1674 1
1675 1611 0.333333
1675 1612 0.111111
1675 1675 1.11111
1676 1676 1
1677 1677 1
1678 1678 1
1679 1615 0.333333
1679 1616 0.111111
1679 1679 1.11111
1680 1680 1
1681 1681 1
1682 1682 1
1683 1683 1
1684 1684 1
1685 1685 1
1685 1749 0.333333
1686 1686 1
1687 1687 1
1687 1688 0.25
1687 1751 0.25
1688 1687 0.25
1688 1688 1.0625
1688 1751 0.0625
1689 1689 1
1690 1690 1
1691 1691 1
1692 1692 1
1693 1693 1
1694 1694 1
1695 1695 1
1696 1696 1
1697 1697 1
1698 1698 1
1698 1762 1
1699 1699 1
1700 1700 1
1701 1701 1
1702 1702 1
1703 1703 1
1704 1704 1
1705 1705 1
1706 1706 1
1707 1707 1
1708 1708 1
1709 1709 1
1710 1710 1
1711 1711 1
1712 1712 1
1713 1713 1
1714 1714 1
1715 1715 1
1716 1716 1
1717 1717 1
1717 1718 0.5
1718 1654 0.333333
1718 1717 0.5
1718 1718 1.36111
1719 1719 1
1720 1720 1
1721 1721 1
1722 1722 1
1723 1723 1
1724 1724 1
1724 1725 0.25
1724 1788 0.25
1725 1724 0.25
1725 1725 1.0625
1725 1788 0.0625
1726 1726 1
1727 1727 1
1728 1728 1
1729 1729 1
1730 1730 1
1731 1731 1
1732 1732 1
1733 1733 1
1734 1734 1
1735 1735 1
1736 1736 1
1736 1737 0.5
1737 1736 0.5
1737 1737 1.25
1738 1738 1
1739 1739 1
1740 1740 1
1740 1804 0.333333
1741 1741 1
1742 1742 1
1743 1743 1
1744 1744 1
1744 1808 0.5
1745 1745 1
1746 1746 1
1747 1747 1
1748 1748 1
1749 1685 0.333333
1749 1749 1.11111
1750 1750 1
1751 1687 0.25
1751 1688 0.0625
1751 1751 1.0625
1751 1815 0.5
1752 1752 1
1753 1753 1
1754 1754 1
1755 1755 1
1756 1756 1
1757 1757 1
1758 1758 1
1758 1822 1
1759 1759 1
1760 1760 1
1761 1761 1
1762 1698 1
1762 1762 2
1762 1763 0.333333
1763 1762 0.333333
1763 1763 1.11111
1764 1764 1
1765 1765 1
1766 1766 1
1767 1767 1
1767 1768 0.5
1768 1767 0.5
1768 1768 1.25
1768 1769 0.333333
1768 1832 0.333333
1769 1768 0.333333
1769 1769 1.11111
1769 1770 0.5
1769 1832 0.111111
1770 1769 0.5
1770 1770 1.25
1771 1771 1
1772 1772 1
1773 1773 1
1773 1837 0.5
1774 1774 1
1775 1775 1
1776 1776 1
1776 1840 0.333333
1777 1777 1
1778 1778 1
1779 1779 1
1780 1780 1
1781 1781 1
1782 1782 1
1783 1783 1
1784 1784 1
1785 1785 1
1786 1786 1
1787 1787 1
1787 1788 0.5
1788 1724 0.25
1788 1725 0.0625
1788 1787 0.5
1788 1788 1.3125
1789 1789 1
1790 1790 1
1791 1791 1
1792 1792 1
1793 1793 1
1793 1857 0.5
1794 1794 1
1795 1795 1
1796 1796 1
1796 1860 0.333333
1797 1797 1
1798 1798 1
1799 1799 1
1800 1800 1
1801 1801 1
1802 1802 1
1802 1803 0.25
1802 1866 0.25
1803 1802 0.25
1803 1803 1.0625
1803 1804 0.25
1803 1866 0.0625
1804 1740 0.333333
1804 1803 0.25
1804 1804 1.17361
1804 1868 0.25
1805 1805 1
1806 1806 1
1806 1870 0.333333
1807 1807 1
1808 1744 0.5
1808 1808 1.25
1808 1809 0.25
1809 1808 0.25
1809 1809 1.0625
1810 1810 1
1811 1811 1
1812 1812 1
1813 1813 1
1814 1814 1
1814 1815 0.5
1814 1878 0.5
1815 1751 0.5
1815 1814 0.5
1815 1815 1.5
1815 1878 0.25
1815 1879 0.333333
1816 1816 1
1817 1817 1
1818 1818 1
1819 1819 1
1820 1820 1
1821 1821 1
1822 1758 1
1822 1822 2
1822 1823 0.5
1823 1822 0.5
1823 1823 1.25
1824 1824 1
1825 1825 1
1825 1889 0.5
1826 1826 1
1827 1827 1
1828 1828 1
1829 1829 1
1830 1830 1
1831 1831 1
1832 1768 0.333333
1832 1769 0.111111
1832 1832 1.11111
1833 1833 1
1834 1834 1
1835 1835 1
1835 1836 0.5
1836 1835 0.5
1836 1836 1.25
1836 1837 0.333333
1837 1773 0.5
1837 1836 0.333333
1837 1837 1.36111
1837 1838 0.25
1838 1837 0.25
1838 1838 1.0625
1838 1902 0.25
1839 1839 1
1840 1776 0.333333
1840 1840 1.11111
1841 1841 1
1842 1842 1
1843 1843 1
1844 1844 1
1845 1845 1
1846 1846 1
1847 1847 1
1848 1848 1
1849 1849 1
1850 1850 1
1851 1851 1
1852 1852 1
1853 1853 1
1854 1854 1
1854 1918 0.333333
1855 1855 1
1856 1856 1
1856 1857 0.333333
1857 1793 0.5
1857 1856 0.333333
1857 1857 1.36111
1857 1858 0.25
1857 1921 0.25
1858 1857 0.25
1858 1858 1.0625
1858 1921 0.0625
1859 1859 1
1860 1796 0.333333
1860 1860 1.11111
1860 1861 0.5
1861 1860 0.5
1861 1861 1.25
1862 1862 1
1863 1863 1
1864 1864 1
1865 1865 1
1865 1866 0.25
1865 1929 0.25
1866 1802 0.25
1866 1803 0.0625
1866 1865 0.25
1866 1866 1.125
1866 1929 0.0625
1867 1867 1
1868 1804 0.25
1868 1868 1.0625
1869 1869 1
1870 1806 0.333333
1870 1870 1.11111
1871 1871 1
1872 1872 1
1873 1873 1
1874 1874 1
1875 1875 1
1876 1876 1
1876 1940 0.5
1877 1877 1
1878 1814 0.5
1878 1815 0.25
1878 1878 1.25
1878 1879 0.333333
1878 1942 0.333333
1879 1815 0.333333
1879 1878 0.333333
1879 1879 1.22222
1879 1880 0.333333
1879 1942 0.111111
1880 1879 0.333333
1880 1880 1.11111
1880 1881 0.333333
1880 1944 0.333333
1881 1880 0.333333
1881 1881 1.11111
1881 1944 0.111111
1882 1882 1
1883 1883 1
1883 1947 0.333333
1884 1884 1
1885 1885 1
1886 1886 1
1887 1887 1
1888 1888 1
1888 1889 0.333333
1888 1952 0.333333
1889 1825 0.5
1889 1888 0.333333
1889 1889 1.36111
1889 1890 0.333333
1889 1952 0.111111
1890 1889 0.333333
1890 1890 1.11111
1891 1891 1
1892 1892 1
1893 1893 1
1894 1894 1
1895 1895 1
1896 1896 1
1897 1897 1
1897 1898 0.333333
1897 1961 0.333333
1898 1897 0.333333
1898 1898 1.11111
1898 1961 0.111111
1898 1962 0.333333
1899 1899 1
1900 1900 1
1901 1901 1
1902 1838 0.25
1902 1902 1.0625
1902 1903 0.25
1903 1902 0.25
1903 1903 1.0625
1904 1904 1
1905 1905 1
1906 1906 1
1907 1907 1
1908 1908 1
1909 1909 1
1910 1910 1
1911 1911 1
1912 1912 1
1913 1913 1
1914 1914 1
1915 1915 1
1916 1916 1
1917 1917 1
1918 1854 0.333333
1918 1918 1.11111
1919 1919 1
1920 1920 1
1921 1857 0.25
1921 1858 0.0625
1921 1921 1.0625
1922 1922 1
1923 1923 1
1924 1924 1
1925 1925 1
1926 1926 1
1927 1927 1
1928 1928 1
1929 1865 0.25
1929 1866 0.0625
1929 1929 1.0625
1929 1993 0.333333
1930 1930 1
1931 1931 1
1932 1932 1
1933 1933 1
1934 1934 1
1935 1935 1
1936 1936 1
1937 1937 1
1938 1938 1
1938 2002 0.5
1939 1939 1
1940 1876 0.5
1940 1940 1.25
1941 1941 1
1942 1878 0.333333
1942 1879 0.111111
1942 1942 1.11111
1942 2006 0.5
1943 1943 1
1944 1880 0.333333
1944 1881 0.111111
1944 1944 1.11111
1945 1945 1
1946 1946 1
1946 1947 0.333333
1947 1883 0.333333
1947 1946 0.333333
1947 1947 1.22222
1948 1948 1
1949 1949 1
1950 1950 1
1951 1951 1
1952 1888 0.333333
1952 1889 0.111111
1952 1952 1.11111
1953 1953 1
1954 1954 1
1955 1955 1
1956 1956 1
1957 1957 1
1958 1958 1
1959 1959 1
1960 1960 1
1961 1897 0.333333
1961 1898 0.111111
1961 1961 1.11111
1961 1962 0.25
1961 2025 0.25
1962 1898 0.333333
1962 1961 0.25
1962 1962 1.17361
1962 2025 0.0625
1963 1963 1
1964 1964 1
1964 2028 0.5
1965 1965 1
1966 1966 1
1967 1967 1
1968 1968 1
1968 2032 0.333333
1969 1969 1
1970 1970 1
1971 1971 1
1971 2035 0.333333
1972 1972 1
1973 1973 1
1974 1974 1
1975 1975 1
1976 1976 1
1977 1977 1
1978 1978 1
1979 1979 1
1980 1980 1
1981 1981 1
1981 2045 1
1982 1982 1
1983 1983 1
1984 1984 1
1985 1985 1
1986 1986 1
1987 1987 1
1988 1988 1
1988 1989 0.5
1988 2052 0.5
1989 1988 0.5
1989 1989 1.25
1989 2052 0.25
1990 1990 1
1991 1991 1
1992 1992 1
1993 1929 0.333333
1993 1993 1.11111
1993 1994 0.5
1994 1993 0.5
1994 1994 1.25
1995 1995 1
1996 1996 1
1997 1997 1
1998 1998 1
1999 1999 1
2000 2000 1
2001 2001 1
2002 1938 0.5
2002 2002 1.25
2002 2003 0.25
2003 2002 0.25
2003 2003 1.0625
2004 2004 1
2005 2005 1
2005 2006 0.5
2006 1942 0.5
2006 2005 0.5
2006 2006 1.5
2006 2007 0.25
2007 2006 0.25
2007 2007 1.0625
2008 2008 1
2009 2009 1
2010 2010 1
2011 2011 1
2012 2012 1
2013 2013 1
2014 2014 1
2015 2015 1
2016 2016 1
2017 2017 1
2018 2018 1
2019 2019 1
2020 2020 1
2021 2021 1
2022 2022 1
2023 2023 1
2024 2024 1
2024 2025 0.333333
2025 1961 0.25
2025 1962 0.0625
2025 2024 0.333333
2025 2025 1.17361
2025 2089 0.25
2026 2026 1
2027 2027 1
2028 1964 0.5
2028 2028 1.25
2028 2092 0.333333
2029 2029 1
2030 2030 1
2031 2031 1
2031 2032 0.333333
2032 1968 0.333333
2032 2031 0.333333
2032 2032 1.22222
2032 2033 0.333333
2033 2032 0.333333
2033 2033 1.11111
2033 2097 0.333333
2034 2034 1
2035 1971 0.333333
2035 2035 1.11111
2036 2036 1
2037 2037 1
2038 2038 1
2039 2039 1
2040 2040 1
2041 2041 1
2041 2042 1
2042 2041 1
2042 2042 2
2043 2043 1
2044 2044 1
2045 1981 1
2045 2045 2
2046 2046 1
2047 2047 1
2048 2048 1
2049 2049 1
2049 2050 0.333333
2049 2113 0.333333
2050 2049 0.333333
2050 2050 1.11111
2050 2113 0.111111
2051 2051 1
2052 1988 0.5
2052 1989 0.25
2052 2052 1.25
2052 2116 0.5
2053 2053 1
2054 2054 1
2055 2055 1
2056 2056 1
2056 2120 1
2057 2057 1
2058 2058 1
2059 2059 1
2060 2060 1
2061 2061 1
2061 2062 0.333333
2061 2125 0.333333
2062 2061 0.333333
2062 2062 1.11111
2062 2125 0.111111
2063 2063 1
2064 2064 1
2065 2065 1
2066 2066 1
2067 2067 1
2068 2068 1
2069 2069 1
2070 2070 1
2071 2071 1
2072 2072 1
2073 2073 1
2074 2074 1
2075 2075 1
2076 2076 1
2077 2077 1
2078 2078 1
2079 2079 1
2080 2080 1
2081 2081 1
2082 2082 1
2083 2083 1
2084 2084 1
2084 2148 0.5
2085 2085 1
2086 2086 1
2087 2087 1
2088 2088 1
2089 2025 0.25
2089 2089 1.0625
2089 2090 0.25
2089 2153 0.25
2090 2089 0.25
2090 2090 1.0625
2090 2153 0.0625
2091 2091 1
2092 2028 0.333333
2092 2092 1.11111
2092 2093 0.333333
2092 2156 0.333333
2093 2092 0.333333
2093 2093 1.11111
2093 2094 0.333333
2093 2156 0.111111
2094 2093 0.333333
2094 2094 1.11111
2095 2095 1
2096 2096 1
2097 2033 0.333333
2097 2097 1.11111
2097 2098 0.333333
2097 2161 0.333333
2098 2097 0.333333
2098 2098 1.11111
2098 2161 0.111111
2099 2099 1
2100 2100 1
2101 2101 1
2102 2102 1
2103 2103 1
2104 2104 1
2105 2105 1
2106 2106 1
2107 2107 1
2108 2108 1
2109 2109 1
2110 2110 1
2111 2111 1
2111 2112 0.5
2112 2111 0.5
2112 2112 1.25
2113 2049 0.333333
2113 2050 0.111111
2113 2113 1.11111
2114 2114 1
2115 2115 1
2116 2052 0.5
2116 2116 1.25
2117 2117 1
2118 2118 1
2119 2119 1
2120 2056 1
2120 2120 2
2120 2121 0.333333
2120 2184 0.333333
2121 2120 0.333333
2121 2121 1.11111
2121 2122 0.333333
2121 2184 0.111111
2121 2185 0.333333
2122 2121 0.333333
2122 2122 1.11111
2122 2123 0.333333
2122 2185 0.111111
2123 2122 0.333333
2123 2123 1.11111
2123 2187 0.333333
2124 2124 1
2125 2061 0.333333
2125 2062 0.111111
2125 2125 1.11111
2125 2189 0.5
2126 2126 1
2127 2127 1
2128 2128 1
2129 2129 1
2130 2130 1
2130 2131 0.5
2131 2130 0.5
2131 2131 1.25
2132 2132 1
2133 2133 1
2134 2134 1
2135 2135 1
2136 2136 1
2137 2137 1
2138 2138 1
2139 2139 1
2140 2140 1
2141 2141 1
2142 2142 1
2143 2143 1
2143 2207 0.5
2144 2144 1
2145 2145 1
2146 2146 1
2146 2210 0.5
2147 2147 1
2148 2084 0.5
2148 2148 1.25
2149 2149 1
2150 2150 1
2151 2151 1
2152 2152 1
2153 2089 0.25
2153 2090 0.0625
2153 2153 1.0625
2153 2217 0.25
2154 2154 1
2155 2155 1
2156 2092 0.333333
2156 2093 0.111111
2156 2156 1.11111
2157 2157 1
2158 2158 1
2159 2159 1
2160 2160 1
2161 2097 0.333333
2161 2098 0.111111
2161 2161 1.11111
2161 2225 0.5
2162 2162 1
2163 2163 1
2164 2164 1
2165 2165 1
2166 2166 1
2167 2167 1
2168 2168 1
2169 2169 1
2170 2170 1
2171 2171 1
2172 2172 1
2173 2173 1
2174 2174 1
2174 2238 0.5
2175 2175 1
2176 2176 1
2177 2177 1
2178 2178 1
2178 2242 1
2179 2179 1
2180 2180 1
2181 2181 1
2182 2182 1
2182 2183 0.333333
2183 2182 0.333333
2183 2183 1.11111
2183 2184 0.333333
2184 2120 0.333333
2184 2121 0.111111
2184 2183 0.333333
2184 2184 1.22222
2184 2185 0.25
2184 2248 0.25
2185 2121 0.333333
2185 2122 0.111111
2185 2184 0.25
2185 2185 1.17361
2185 2248 0.0625
2185 2249 0.333333
2186 2186 1
2187 2123 0.333333
2187 2187 1.11111
2187 2188 0.333333
2187 2251 0.333333
2188 2187 0.333333
2188 2188 1.11111
2188 2189 0.333333
2188 2251 0.111111
2189 2125 0.5
2189 2188 0.333333
2189 2189 1.36111
2190 2190 1
2191 2191 1
2192 2192 1
2192 2256 0.5
2193 2193 1
2194 2194 1
2195 2195 1
2196 2196 1
2197 2197 1
2198 2198 1
2199 2199 1
2200 2200 1
2201 2201 1
2202 2202 1
2203 2203 1
2204 2204 1
2205 2205 1
2205 2269 0.5
2206 2206 1
2207 2143 0.5
2207 2207 1.25
2208 2208 1
2209 2209 1
2210 2146 0.5
2210 2210 1.25
2211 2211 1
2212 2212 1
2213 2213 1
2214 2214 1
2215 2215 1
2216 2216 1
2216 2217 0.5
2217 2153 0.25
2217 2216 0.5
2217 2217 1.3125
2218 2218 1
2219 2219 1
2220 2220 1
2221 2221 1
2222 2222 1
2223 2223 1
2224 2224 1
2224 2225 0.5
2225 2161 0.5
2225 2224 0.5
2225 2225 1.5
2226 2226 1
2227 2227 1
2228 2228 1
2229 2229 1
2230 2230 1
2231 2231 1
2232 2232 1
2233 2233 1
2234 2234 1
2235 2235 1
2236 2236 1
2237 2237 1
2237 2238 1
2238 2174 0.5
2238 2237 1
2238 2238 2.25
2239 2239 1
2240 2240 1
2241 2241 1
2241 2242 0.333333
2242 2178 1
2242 2241 0.333333
2242 2242 2.11111
2242 2243 0.333333
2243 2242 0.333333
2243 2243 1.11111
2243 2307 0.5
2244 2244 1
2245 2245 1
2246 2246 1
2247 2247 1
2248 2184 0.25
2248 2185 0.0625
2248 2248 1.0625
2248 2249 0.333333
2249 2185 0.333333
2249 2248 0.333333
2249 2249 1.22222
2249 2313 0.25
2250 2250 1
2251 2187 0.333333
2251 2188 0.111111
2251 2251 1.11111
2251 2315 0.25
2252 2252 1
2253 2253 1
2254 2254 1
2255 2255 1
2256 2192 0.5
2256 2256 1.25
2256 2257 0.333333
2257 2256 0.333333
2257 2257 1.11111
2257 2321 0.25
2258 2258 1
2259 2259 1
2259 2260 0.333333
2259 2323 0.333333
2260 2259 0.333333
2260 2260 1.11111
2260 2261 0.333333
2260 2323 0.111111
2261 2260 0.333333
2261 2261 1.11111
2262 2262 1
2263 2263 1
2264 2264 1
2265 2265 1
2266 2266 1
2266 2267 0.25
2266 2330 0.25
2267 2266 0.25
2267 2267 1.0625
2267 2268 0.333333
2267 2330 0.0625
2268 2267 0.333333
2268 2268 1.11111
2268 2269 0.5
2269 2205 0.5
2269 2268 0.5
2269 2269 1.5
2270 2270 1
2271 2271 1
2272 2272 1
2273 2273 1
2274 2274 1
2275 2275 1
2276 2276 1
2277 2277 1
2278 2278 1
2279 2279 1
2280 2280 1
2281 2281 1
2282 2282 1
2283 2283 1
2284 2284 1
2285 2285 1
2286 2286 1
2287 2287 1
2287 2351 0.333333
2288 2288 1
2289 2289 1
2290 2290 1
2291 2291 1
2292 2292 1
2293 2293 1
2294 2294 1
2295 2295 1
2296 2296 1
2297 2297 1
2298 2298 1
2299 2299 1
2300 2300 1
2301 2301 1
2302 2302 1
2303 2303 1
2304 2304 1
2305 2305 1
2306 2306 1
2307 2243 0.5
2307 2307 1.25
2307 2308 0.333333
2308 2307 0.333333
2308 2308 1.11111
2308 2372 0.5
2309 2309 1
2310 2310 1
2311 2311 1
2312 2312 1
2313 2249 0.25
2313 2313 1.0625
2313 2314 0.5
2314 2313 0.5
2314 2314 1.25
2314 2315 0.25
2314 2378 0.25
2315 2251 0.25
2315 2314 0.25
2315 2315 1.125
2315 2378 0.0625
2315 2379 0.25
2316 2316 1
2317 2317 1
2318 2318 1
2319 2319 1
2320 2320 1
2321 2257 0.25
2321 2321 1.0625
2322 2322 1
2323 2259 0.333333
2323 2260 0.111111
2323 2323 1.11111
2324 2324 1
2325 2325 1
2326 2326 1
2327 2327 1
2328 2328 1
2329 2329 1
2329 2330 0.333333
2330 2266 0.25
2330 2267 0.0625
2330 2329 0.333333
2330 2330 1.17361
2331 2331 1
2332 2332 1
2333 2333 1
2334 2334 1
2335 2335 1
2335 2336 0.25
2336 2335 0.25
2336 2336 1.0625
2336 2337 0.25
2336 2400 0.25
2337 2336 0.25
2337 2337 1.0625
2337 2400 0.0625
2338 2338 1
2339 2339 1
2340 2340 1
2341 2341 1
2342 2342 1
2343 2343 1
2344 2344 1
2345 2345 1
2345 2346 0.5
2346 2345 0.5
2346 2346 1.25
2346 2347 0.333333
2347 2346 0.333333
2347 2347 1.11111
2348 2348 1
2349 2349 1
2350 2350 1
2351 2287 0.333333
2351 2351 1.11111
2351 2415 0.5
2352 2352 1
2353 2353 1
2354 2354 1
2355 2355 1
2356 2356 1
2357 2357 1
2357 2358 0.5
2357 2421 0.5
2358 2357 0.5
2358 2358 1.25
2358 2359 0.333333
2358 2421 0.25
2359 2358 0.333333
2359 2359 1.11111
2360 2360 1
2361 2361 1
2362 2362 1
2363 2363 1
2364 2364 1
2365 2365 1
2366 2366 1
2367 2367 1
2367 2368 0.333333
2367 2431 0.333333
2368 2367 0.333333
2368 2368 1.11111
2368 2431 0.111111
2369 2369 1
2370 2370 1
2371 2371 1
2372 2308 0.5
2372 2372 1.25
2372 2373 0.25
2372 2436 0.25
2373 2372 0.25
2373 2373 1.0625
2373 2436 0.0625
2373 2437 0.333333
2374 2374 1
2375 2375 1
2376 2376 1
2377 2377 1
2378 2314 0.25
2378 2315 0.0625
2378 2378 1.0625
2378 2379 0.333333
2379 2315 0.25
2379 2378 0.333333
2379 2379 1.17361
2379 2380 0.25
2380 2379 0.25
2380 2380 1.0625
2380 2381 0.25
2380 2444 0.25
2381 2380 0.25
2381 2381 1.0625
2381 2382 0.333333
2381 2444 0.0625
2382 2381 0.333333
2382 2382 1.11111
2382 2446 0.333333
2383 2383 1
2384 2384 1
2385 2385 1
2386 2386 1
2387 2387 1
2388 2388 1
2389 2389 1
2390 2390 1
2391 2391 1
2392 2392 1
2393 2393 1
2394 2394 1
2395 2395 1
2396 2396 1
2397 2397 1
2398 2398 1
2399 2399 1
2400 2336 0.25
2400 2337 0.0625
2400 2400 1.0625
2401 2401 1
2402 2402 1
2403 2403 1
2404 2404 1
2405 2405 1
2406 2406 1
2406 2407 0.25
2406 2470 0.25
2407 2406 0.25
2407 2407 1.0625
2407 2408 0.25
2407 2470 0.0625
2408 2407 0.25
2408 2408 1.0625
2409 2409 1
2410 2410 1
2411 2411 1
2412 2412 1
2413 2413 1
2414 2414 1
2414 2415 0.5
2414 2478 0.5
2415 2351 0.5
2415 2414 0.5
2415 2415 1.5
2415 2478 0.25
2416 2416 1
2417 2417 1
2418 2418 1
2419 2419 1
2420 2420 1
2421 2357 0.5
2421 2358 0.25
2421 2421 1.25
2421 2485 0.333333
2422 2422 1
2423 2423 1
2424 2424 1
2425 2425 1
2426 2426 1
2427 2427 1
2428 2428 1
2429 2429 1
2430 2430 1
2431 2367 0.333333
2431 2368 0.111111
2431 2431 1.11111
2431 2432 0.333333
2431 2495 0.333333
2432 2431 0.333333
2432 2432 1.11111
2432 2495 0.111111
2433 2433 1
2434 2434 1
2435 2435 1
2436 2372 0.25
2436 2373 0.0625
2436 2436 1.0625
2436 2437 0.5
2437 2373 0.333333
2437 2436 0.5
2437 2437 1.36111
2438 2438 1
2439 2439 1
2440 2440 1
2441 2441 1
2442 2442 1
2443 2443 1
2444 2380 0.25
2444 2381 0.0625
2444 2444 1.0625
2444 2508 0.333333
2445 2445 1
2446 2382 0.333333
2446 2446 1.11111
2446 2510 0.333333
2447 2447 1
2448 2448 1
2448 2449 0.333333
2449 2448 0.333333
2449 2449 1.11111
2450 2450 1
2451 2451 1
2452 2452 1
2452 2453 0.333333
2453 2452 0.333333
2453 2453 1.11111
2454 2454 1
2455 2455 1
2455 2519 0.5
2456 2456 1
2457 2457 1
2458 2458 1
2459 2459 1
2460 2460 1
2461 2461 1
2461 2525 0.25
2462 2462 1
2463 2463 1
2464 2464 1
2465 2465 1
2466 2466 1
2467 2467 1
2468 2468 1
2469 2469 1
2470 2406 0.25
2470 2407 0.0625
2470 2470 1.0625
2470 2534 0.333333
2471 2471 1
2472 2472 1
2473 2473 1
2474 2474 1
2475 2475 1
2476 2476 1
2477 2477 1
2478 2414 0.5
2478 2415 0.25
2478 2478 1.25
2479 2479 1
2480 2480 1
2481 2481 1
2482 2482 1
2483 2483 1
2484 2484 1
2485 2421 0.333333
2485 2485 1.11111
2485 2486 0.5
2486 2485 0.5
2486 2486 1.25
2487 2487 1
2488 2488 1
2489 2489 1
2490 2490 1
2491 2491 1
2492 2492 1
2493 2493 1
2494 2494 1
2495 2431 0.333333
2495 2432 0.111111
2495 2495 1.11111
2495 2496 0.333333
2496 2495 0.333333
2496 2496 1.11111
2497 2497 1
2498 2498 1
2499 2499 1
2499 2563 0.5
2500 2500 1
2501 2501 1
2502 2502 1
2503 2503 1
2503 2504 0.25
2504 2503 0.25
2504 2504 1.0625
2504 2568 0.5
2505 2505 1
2506 2506 1
2507 2507 1
2508 2444 0.333333
2508 2508 1.11111
2508 2509 0.25
2509 2508 0.25
2509 2509 1.0625
2509 2510 0.5
2510 2446 0.333333
2510 2509 0.5
2510 2510 1.36111
2510 2574 0.25
2511 2511 1
2512 2512 1
2513 2513 1
2514 2514 1
2515 2515 1
2516 2516 1
2517 2517 1
2518 2518 1
2519 2455 0.5
2519 2519 1.25
2520 2520 1
2521 2521 1
2522 2522 1
2522 2523 0.25
2523 2522 0.25
2523 2523 1.0625
2523 2524 0.333333
2524 2523 0.333333
2524 2524 1.11111
2524 2525 0.25
2525 2461 0.25
2525 2524 0.25
2525 2525 1.125
2525 2589 0.25
2526 2526 1
2527 2527 1
2528 2528 1
2529 2529 1
2530 2530 1
2531 2531 1
2532 2532 1
2533 2533 1
2534 2470 0.333333
2534 2534 1.11111
2535 2535 1
2536 2536 1
2537 2537 1
2538 2538 1
2539 2539 1
2540 2540 1
2541 2541 1
2542 2542 1
2543 2543 1
2544 2544 1
2545 2545 1
2546 2546 1
2546 2610 0.333333
2547 2547 1
2548 2548 1
2549 2549 1
2550 2550 1
2551 2551 1
2552 2552 1
2553 2553 1
2554 2554 1
2555 2555 1
2556 2556 1
2557 2557 1
2558 2558 1
2559 2559 1
2560 2560 1
2561 2561 1
2562 2562 1
2563 2499 0.5
2563 2563 1.25
2563 2564 0.333333
2564 2563 0.333333
2564 2564 1.11111
2565 2565 1
2566 2566 1
2567 2567 1
2568 2504 0.5
2568 2568 1.25
2569 2569 1
2570 2570 1
2571 2571 1
2572 2572 1
2573 2573 1
2574 2510 0.25
2574 2574 1.0625
2574 2575 0.333333
2574 2638 0.333333
2575 2574 0.333333
2575 2575 1.11111
2575 2576 0.25
2575 2638 0.111111
2575 2639 0.25
2576 2575 0.25
2576 2576 1.0625
2576 2639 0.0625
2577 2577 1
2578 2578 1
2579 2579 1
2580 2580 1
2581 2581 1
2582 2582 1
2583 2583 1
2584 2584 1
2585 2585 1
2586 2586 1
2587 2587 1
2588 2588 1
2589 2525 0.25
2589 2589 1.0625
2589 2653 0.25
2590 2590 1
2591 2591 1
2591 2655 0.5
2592 2592 1
2593 2593 1
2593 2594 0.5
2594 2593 0.5
2594 2594 1.25
2594 2658 0.333333
2595 2595 1
2596 2596 1
2597 2597 1
2598 2598 1
2599 2599 1
2599 2663 0.5
2600 2600 1
2601 2601 1
2602 2602 1
2603 2603 1
2604 2604 1
2605 2605 1
2606 2606 1
2607 2607 1
2608 2608 1
2609 2609 1
2610 2546 0.333333
2610 2610 1.11111
2611 2611 1
2612 2612 1
2613 2613 1
2614 2614 1
2614 2678 0.333333
2615 2615 1
2616 2616 1
2616 2617 0.5
2617 2616 0.5
2617 2617 1.25
2618 2618 1
2619 2619 1
2620 2620 1
2621 2621 1
2622 2622 1
2623 2623 1
2623 2624 0.25
2624 2623 0.25
2624 2624 1.0625
2625 2625 1
2626 2626 1
2627 2627 1
2628 2628 1
2629 2629 1
2630 2630 1
2630 2694 0.5
2631 2631 1
2632 2632 1
2633 2633 1
2633 2697 0.5
2634 2634 1
2635 2635 1
2636 2636 1
2637 2637 1
2638 2574 0.333333
2638 2575 0.111111
2638 2638 1.11111
2638 2639 0.25
2638 2702 0.25
2639 2575 0.25
2639 2576 0.0625
2639 2638 0.25
2639 2639 1.125
2639 2702 0.0625
2639 2703 0.333333
2640 2640 1
2641 2641 1
2641 2642 0.5
2641 2705 0.5
2642 2641 0.5
2642 2642 1.25
2642 2643 0.5
2642 2705 0.25
2643 2642 0.5
2643 2643 1.25
2643 2644 0.25
2644 2643 0.25
2644 2644 1.0625
2644 2708 0.333333
2645 2645 1
2646 2646 1
2647 2647 1
2648 2648 1
2649 2649 1
2650 2650 1
2651 2651 1
2652 2652 1
2653 2589 0.25
2653 2653 1.0625
2653 2717 0.333333
2654 2654 1
2655 2591 0.5
2655 2655 1.25
2655 2719 0.333333
2656 2656 1
2657 2657 1
2658 2594 0.333333
2658 2658 1.11111
2659 2659 1
2660 2660 1
2661 2661 1
2662 2662 1
2663 2599 0.5
2663 2663 1.25
2664 2664 1
2665 2665 1
2666 2666 1
2667 2667 1
2668 2668 1
2669 2669 1
2670 2670 1
2671 2671 1
2672 2672 1
2673 2673 1
2674 2674 1
2675 2675 1
2676 2676 1
2677 2677 1
2678 2614 0.333333
2678 2678 1.11111
2678 2742 0.333333
2679 2679 1
2680 2680 1
2681 2681 1
2682 2682 1
2683 2683 1
2684 2684 1
2685 2685 1
2686 2686 1
2687 2687 1
2688 2688 1
2689 2689 1
2690 2690 1
2691 2691 1
2692 2692 1
2693 2693 1
2694 2630 0.5
2694 2694 1.25
2695 2695 1
2696 2696 1
2697 2633 0.5
2697 2697 1.25
2698 2698 1
2699 2699 1
2700 2700 1
2701 2701 1
2702 2638 0.25
2702 2639 0.0625
2702 2702 1.0625
2702 2703 0.5
2703 2639 0.333333
2703 2702 0.5
2703 2703 1.36111
2703 2767 0.25
2704 2704 1
2705 2641 0.5
2705 2642 0.25
2705 2705 1.25
2705 2769 0.333333
2706 2706 1
2707 2707 1
2708 2644 0.333333
2708 2708 1.11111
2708 2709 0.333333
2709 2708 0.333333
2709 2709 1.11111
2709 2773 0.5
2710 2710 1
2711 2711 1
2712 2712 1
2713 2713 1
2714 2714 1
2714 2715 0.5
2715 2714 0.5
2715 2715 1.25
2716 2716 1
2717 2653 0.333333
2717 2717 1.11111
2718 2718 1
2719 2655 0.333333
2719 2719 1.11111
2719 2783 0.333333
2720 2720 1
2721 2721 1
2722 2722 1
2723 2723 1
2724 2724 1
2725 2725 1
2726 2726 1
2727 2727 1
2728 2728 1
2729 2729 1
2730 2730 1
2731 2731 1
2732 2732 1
2733 2733 1
2734 2734 1
2735 2735 1
2735 2736 0.25
2736 2735 0.25
2736 2736 1.0625
2737 2737 1
2738 2738 1
2739 2739 1
2740 2740 1
2741 2741 1
2742 2678 0.333333
2742 2742 1.11111
2743 2743 1
2744 2744 1
2745 2745 1
2746 2746 1
2747 2747 1
2748 2748 1
2749 2749 1
2750 2750 1
2751 2751 1
2751 2752 0.5
2752 2751 0.5
2752 2752 1.25
2753 2753 1
2754 2754 1
2755 2755 1
2756 2756 1
2757 2757 1
2758 2758 1
2759 2759 1
2760 2760 1
2761 2761 1
2762 2762 1
2762 2826 0.333333
2763 2763 1
2764 2764 1
2765 2765 1
2766 2766 1
2767 2703 0.25
2767 2767 1.0625
2767 2831 0.333333
2768 2768 1
2769 2705 0.333333
2769 2769 1.11111
2769 2770 0.25
2769 2833 0.25
2770 2769 0.25
2770 2770 1.0625
2770 2833 0.0625
2771 2771 1
2772 2772 1
2773 2709 0.5
2773 2773 1.25
2773 2837 0.333333
2774 2774 1
2775 2775 1
2776 2776 1
2776 2840 0.5
2777 2777 1
2778 2778 1
2779 2779 1
2780 2780 1
2781 2781 1
2782 2782 1
2782 2783 0.333333
2783 2719 0.333333
2783 2782 0.333333
2783 2783 1.22222
2783 2847 0.333333
2784 2784 1
2785 2785 1
2786 2786 1
2787 2787 1
2788 2788 1
2789 2789 1
2789 2853 1
2790 2790 1
2791 2791 1
2792 2792 1
2793 2793 1
2794 2794 1
2795 2795 1
2796 2796 1
2797 2797 1
2798 2798 1
2799 2799 1
2800 2800 1
2801 2801 1
2802 2802 1
2803 2803 1
2804 2804 1
2805 2805 1
2806 2806 1
2807 2807 1
2808 2808 1
2809 2809 1
2810 2810 1
2811 2811 1
2812 2812 1
2812 2876 0.333333
2813 2813 1
2814 2814 1
2815 2815 1
2816 2816 1
2817 2817 1
2818 2818 1
2819 2819 1
2820 2820 1
2821 2821 1
2822 2822 1
2823 2823 1
2824 2824 1
2825 2825 1
2825 2826 1
2826 2762 0.333333
2826 2825 1
2826 2826 2.11111
2827 2827 1
2828 2828 1
2829 2829 1
2830 2830 1
2831 2767 0.333333
2831 2831 1.11111
2831 2895 0.333333
2832 2832 1
2833 2769 0.25
2833 2770 0.0625
2833 2833 1.0625
2833 2897 0.25
2834 2834 1
2835 2835 1
2836 2836 1
2837 2773 0.333333
2837 2837 1.11111
2837 2901 0.333333
2838 2838 1
2839 2839 1
2840 2776 0.5
2840 2840 1.25
2840 2904 0.5
2841 2841 1
2842 2842 1
2843 2843 1
2843 2907 0.333333
2844 2844 1
2845 2845 1
2846 2846 1
2847 2783 0.333333
2847 2847 1.11111
2848 2848 1
2849 2849 1
2850 2850 1
2851 2851 1
2852 2852 1
2853 2789 1
2853 2853 2
2854 2854 1
2855 2855 1
2855 2919 0.5
2856 2856 1
2857 2857 1
2857 2921 0.5
2858 2858 1
2859 2859 1
2860 2860 1
2860 2861 0.25
2860 2924 0.25
2861 2860 0.25
2861 2861 1.0625
2861 2862 0.333333
2861 2924 0.0625
2862 2861 0.333333
2862 2862 1.11111
2863 2863 1
2864 2864 1
2865 2865 1
2866 2866 1
2866 2930 0.5
2867 2867 1
2868 2868 1
2869 2869 1
2870 2870 1
2871 2871 1
2872 2872 1
2873 2873 1
2874 2874 1
2875 2875 1
2875 2876 0.25
2875 2939 0.25
2876 2812 0.333333
2876 2875 0.25
2876 2876 1.17361
2876 2939 0.0625
2877 2877 1
2878 2878 1
2879 2879 1
2879 2880 0.333333
2879 2943 0.333333
2880 2879 0.333333
2880 2880 1.11111
2880 2943 0.111111
2881 2881 1
2882 2882 1
2883 2883 1
2884 2884 1
2884 2948 0.5
2885 2885 1
2886 2886 1
2887 2887 1
2887 2951 0.5
2888 2888 1
2889 2889 1
2890 2890 1
2891 2891 1
2892 2892 1
2893 2893 1
2894 2894 1
2895 2831 0.333333
2895 2895 1.11111
2895 2896 0.333333
2896 2895 0.333333
2896 2896 1.11111
2896 2897 0.25
2897 2833 0.25
2897 2896 0.25
2897 2897 1.125
2898 2898 1
2899 2899 1
2900 2900 1
2901 2837 0.333333
2901 2901 1.11111
2902 2902 1
2903 2903 1
2903 2904 1
2904 2840 0.5
2904 2903 1
2904 2904 2.25
2905 2905 1
2906 2906 1
2907 2843 0.333333
2907 2907 1.11111
2907 2908 0.333333
2908 2907 0.333333
2908 2908 1.11111
2909 2909 1
2910 2910 1
2911 2911 1
2912 2912 1
2912 2913 0.333333
2912 2976 0.333333
2913 2912 0.333333
2913 2913 1.11111
2913 2976 0.111111
2914 2914 1
2915 2915 1
2916 2916 1
2917 2917 1
2918 2918 1
2919 2855 0.5
2919 2919 1.25
2920 2920 1
2921 2857 0.5
2921 2921 1.25
2921 2922 0.25
2922 2921 0.25
2922 2922 1.0625
2923 2923 1
2924 2860 0.25
2924 2861 0.0625
2924 2924 1.0625
2925 2925 1
2926 2926 1
2927 2927 1
2928 2928 1
2929 2929 1
2930 2866 0.5
2930 2930 1.25
2931 2931 1
2932 2932 1
2933 2933 1
2934 2934 1
2935 2935 1
2936 2936 1
2937 2937 1
2938 2938 1
2938 2939 0.25
2939 2875 0.25
2939 2876 0.0625
2939 2938 0.25
2939 2939 1.125
2940 2940 1
2941 2941 1
2942 2942 1
2943 2879 0.333333
2943 2880 0.111111
2943 2943 1.11111
2943 2944 0.25
2943 3007 0.25
2944 2943 0.25
2944 2944 1.0625
2944 3007 0.0625
2945 2945 1
2946 2946 1
2946 2947 0.333333
2946 3010 0.333333
2947 2946 0.333333
2947 2947 1.11111
2947 2948 0.333333
2947 3010 0.111111
2948 2884 0.5
2948 2947 0.333333
2948 2948 1.36111
2949 2949 1
2950 2950 1
2950 2951 1
2951 2887 0.5
2951 2950 1
2951 2951 2.25
2951 3015 0.25
2952 2952 1
2953 2953 1
2953 2954 0.5
2954 2953 0.5
2954 2954 1.25
2955 2955 1
2956 2956 1
2956 2957 0.333333
2956 3020 0.333333
2957 2956 0.333333
2957 2957 1.11111
2957 2958 0.25
2957 3020 0.111111
2958 2957 0.25
2958 2958 1.0625
2958 3022 0.333333
2959 2959 1
2960 2960 1
2961 2961 1
2962 2962 1
2963 2963 1
2964 2964 1
2965 2965 1
2966 2966 1
2966 3030 1
2967 2967 1
2968 2968 1
2969 2969 1
2969 2970 0.333333
2970 2969 0.333333
2970 2970 1.11111
2971 2971 1
2972 2972 1
2973 2973 1
2974 2974 1
2975 2975 1
2976 2912 0.333333
2976 2913 0.111111
2976 2976 1.11111
2976 3040 0.5
2977 2977 1
2978 2978 1
2979 2979 1
2980 2980 1
2981 2981 1
2981 3045 1
2982 2982 1
2983 2983 1
2984 2984 1
2985 2985 1
2986 2986 1
2987 2987 1
2988 2988 1
2989 2989 1
2989 2990 0.5
2990 2989 0.5
2990 2990 1.25
2991 2991 1
2992 2992 1
2993 2993 1
2994 2994 1
2995 2995 1
2996 2996 1
2996 2997 0.5
2996 3060 0.5
2997 2996 0.5
2997 2997 1.25
2997 2998 0.25
2997 3060 0.25
2997 3061 0.25
2998 2997 0.25
2998 2998 1.0625
2998 3061 0.0625
2998 3062 0.5
2999 2999 1
3000 3000 1
3001 3001 1
3002 3002 1
3003 3003 1
3004 3004 1
3005 3005 1
3006 3006 1
3006 3007 0.333333
3006 3070 0.333333
3007 2943 0.25
3007 2944 0.0625
3007 3006 0.333333
3007 3007 1.17361
3007 3008 0.25
3007 3070 0.111111
3007 3071 0.25
3008 3007 0.25
3008 3008 1.0625
3008 3071 0.0625
3009 3009 1
3009 3010 0.25
3010 2946 0.333333
3010 2947 0.111111
3010 3009 0.25
3010 3010 1.17361
3010 3074 0.333333
3011 3011 1
3012 3012 1
3013 3013 1
3014 3014 1
3015 2951 0.25
3015 3015 1.0625
3016 3016 1
3017 3017 1
3018 3018 1
3019 3019 1
3019 3020 0.333333
3020 2956 0.333333
3020 2957 0.111111
3020 3019 0.333333
3020 3020 1.22222
3020 3084 0.25
3021 3021 1
3022 2958 0.333333
3022 3022 1.11111
3022 3023 0.25
3023 3022 0.25
3023 3023 1.0625
3024 3024 1
3025 3025 1
3026 3026 1
3027 3027 1
3028 3028 1
3029 3029 1
3030 2966 1
3030 3030 2
3030 3031 0.333333
3031 3030 0.333333
3031 3031 1.11111
3031 3032 0.333333
3031 3095 0.333333
3032 3031 0.333333
3032 3032 1.11111
3032 3095 0.111111
3033 3033 1
3034 3034 1
3035 3035 1
3036 3036 1
3037 3037 1
3038 3038 1
3039 3039 1
3040 2976 0.5
3040 3040 1.25
3040 3041 0.25
3040 3104 0.25
3041 3040 0.25
3041 3041 1.0625
3041 3104 0.0625
3042 3042 1
3043 3043 1
3044 3044 1
3045 2981 1
3045 3045 2
3045 3046 0.333333
3046 3045 0.333333
3046 3046 1.11111
3047 3047 1
3048 3048 1
3049 3049 1
3050 3050 1
3051 3051 1
3052 3052 1
3052 3116 0.333333
3053 3053 1
3054 3054 1
3055 3055 1
3056 3056 1
3057 3057 1
3058 3058 1
3058 3122 0.5
3059 3059 1
3060 2996 0.5
3060 2997 0.25
3060 3060 1.25
3060 3061 0.5
3061 2997 0.25
3061 2998 0.0625
3061 3060 0.5
3061 3061 1.3125
3061 3062 0.25
3062 2998 0.5
3062 3061 0.25
3062 3062 1.3125
3062 3063 0.25
3063 3062 0.25
3063 3063 1.0625
3063 3127 0.5
3064 3064 1
3065 3065 1
3066 3066 1
3067 3067 1
3068 3068 1
3068 3132 0.5
3069 3069 1
3070 3006 0.333333
3070 3007 0.111111
3070 3070 1.11111
3070 3071 0.5
3071 3007 0.25
3071 3008 0.0625
3071 3070 0.5
3071 3071 1.3125
3071 3072 0.333333
3072 3071 0.333333
3072 3072 1.11111
3073 3073 1
3074 3010 0.333333
3074 3074 1.11111
3075 3075 1
3076 3076 1
3077 3077 1
3078 3078 1
3078 3142 0.5
3079 3079 1
3080 3080 1
3081 3081 1
3081 3082 0.5
3082 3081 0.5
3082 3082 1.25
3082 3146 0.333333
3083 3083 1
3084 3020 0.25
3084 3084 1.0625
3084 3085 0.333333
3085 3084 0.333333
3085 3085 1.11111
3085 3149 0.25
3086 3086 1
3087 3087 1
3088 3088 1
3089 3089 1
3090 3090 1
3091 3091 1
3091 3155 0.333333
3092 3092 1
3093 3093 1
3094 3094 1
3095 3031 0.333333
3095 3032 0.111111
3095 3095 1.11111
3095 3159 0.25
3096 3096 1
3097 3097 1
3098 3098 1
3098 3099 0.5
3099 3098 0.5
3099 3099 1.25
3100 3100 1
3101 3101 1
3102 3102 1
3103 3103 1
3104 3040 0.25
3104 3041 0.0625
3104 3104 1.0625
3105 3105 1
3106 3106 1
3107 3107 1
3108 3108 1
3109 3109 1
3110 3110 1
3111 3111 1
3111 3112 0.333333
3112 3111 0.333333
3112 3112 1.11111
3112 3176 0.333333
3113 3113 1
3114 3114 1
3115 3115 1
3116 3052 0.333333
3116 3116 1.11111
3116 3180 0.5
3117 3117 1
3118 3118 1
3119 3119 1
3120 3120 1
3121 3121 1
3122 3058 0.5
3122 3122 1.25
3122 3123 0.5
3123 3122 0.5
3123 3123 1.25
3123 3187 0.5
3124 3124 1
3125 3125 1
3126 3126 1
3127 3063 0.5
3127 3127 1.25
3127 3128 0.333333
3128 3127 0.333333
3128 3128 1.11111
3129 3129 1
3130 3130 1
3131 3131 1
3132 3068 0.5
3132 3132 1.25
3132 3133 0.333333
3133 3132 0.333333
3133 3133 1.11111
3133 3197 0.5
3134 3134 1
3135 3135 1
3136 3136 1
3137 3137 1
3138 3138 1
3139 3139 1
3140 3140 1
3141 3141 1
3142 3078 0.5
3142 3142 1.25
3143 3143 1
3144 3144 1
3145 3145 1
3146 3082 0.333333
3146 3146 1.11111
3147 3147 1
3148 3148 1
3149 3085 0.25
3149 3149 1.0625
3149 3150 0.5
3150 3149 0.5
3150 3150 1.25
3150 3151 0.333333
3151 3150 0.333333
3151 3151 1.11111
3151 3152 0.333333
3151 3215 0.333333
3152 3151 0.333333
3152 3152 1.11111
3152 3153 0.5
3152 3215 0.111111
3153 3152 0.5
3153 3153 1.25
3154 3154 1
3155 3091 0.333333
3155 3155 1.11111
3155 3156 0.25
3155 3219 0.25
3156 3155 0.25
3156 3156 1.0625
3156 3219 0.0625
3157 3157 1
3158 3158 1
3159 3095 0.25
3159 3159 1.0625
3160 3160 1
3161 3161 1
3162 3162 1
3163 3163 1
3164 3164 1
3165 3165 1
3165 3166 0.5
3166 3165 0.5
3166 3166 1.25
3167 3167 1
3168 3168 1
3169 3169 1
3170 3170 1
3171 3171 1
3172 3172 1
3173 3173 1
3174 3174 1
3175 3175 1
3176 3112 0.333333
3176 3176 1.11111
3177 3177 1
3178 3178 1
3178 3242 0.5
3179 3179 1
3180 3116 0.5
3180 3180 1.25
3181 3181 1
3182 3182 1
3183 3183 1
3183 3247 0.5
3184 3184 1
3185 3185 1
3186 3186 1
3187 3123 0.5
3187 3187 1.25
3188 3188 1
3189 3189 1
3190 3190 1
3191 3191 1
3192 3192 1
3193 3193 1
3194 3194 1
3195 3195 1
3196 3196 1
3197 3133 0.5
3197 3197 1.25
3197 3261 0.333333
3198 3198 1
3199 3199 1
3200 3200 1
3201 3201 1
3202 3202 1
3203 3203 1
3204 3204 1
3205 3205 1
3206 3206 1
3207 3207 1
3208 3208 1
3209 3209 1
3210 3210 1
3211 3211 1
3212 3212 1
3213 3213 1
3214 3214 1
3215 3151 0.333333
3215 3152 0.111111
3215 3215 1.11111
3216 3216 1
3217 3217 1
3218 3218 1
3219 3155 0.25
3219 3156 0.0625
3219 3219 1.0625
3220 3220 1
3221 3221 1
3222 3222 1
3223 3223 1
3224 3224 1
3225 3225 1
3226 3226 1
3227 3227 1
3228 3228 1
3229 3229 1
3230 3230 1
3231 3231 1
3232 3232 1
3233 3233 1
3234 3234 1
3235 3235 1
3236 3236 1
3237 3237 1
3238 3238 1
3239 3239 1
3240 3240 1
3241 3241 1
3242 3178 0.5
3242 3242 1.25
3243 3243 1
3244 3244 1
3245 3245 1
3246 3246 1
3247 3183 0.5
3247 3247 1.25
3248 3248 1
3249 3249 1
3250 3250 1
3251 3251 1
3252 3252 1
3253 3253 1
3254 3254 1
3255 3255 1
3256 3256 1
3256 3320 1
3257 3257 1
3258 3258 1
3258 3322 0.5
3259 3259 1
3260 3260 1
3261 3197 0.333333
3261 3261 1.11111
3262 3262 1
3263 3263 1
3264 3264 1
3265 3265 1
3266 3266 1
3267 3267 1
3268 3268 1
3269 3269 1
3270 3270 1
3271 3271 1
3272 3272 1
3272 3273 0.333333
3273 3272 0.333333
3273 3273 1.11111
3274 3274 1
3275 3275 1
3276 3276 1
3277 3277 1
3277 3278 0.5
3278 3277 0.5
3278 3278 1.25
3278 3342 0.5
3279 3279 1
3280 3280 1
3280 3344 1
3281 3281 1
3282 3282 1
3283 3283 1
3284 3284 1
3285 3285 1
3286 3286 1
3287 3287 1
3287 3288 0.5
3288 3287 0.5
3288 3288 1.25
3289 3289 1
3290 3290 1
3290 3354 0.333333
3291 3291 1
3292 3292 1
3293 3293 1
3294 3294 1
3294 3295 0.333333
3295 3294 0.333333
3295 3295 1.11111
3296 3296 1
3297 3297 1
3297 3298 0.25
3297 3361 0.25
3298 3297 0.25
3298 3298 1.0625
3298 3299 0.333333
3298 3361 0.0625
3299 3298 0.333333
3299 3299 1.11111
3299 3363 0.333333
3300 3300 1
3301 3301 1
3302 3302 1
3303 3303 1
3303 3367 0.333333
3304 3304 1
3305 3305 1
3306 3306 1
3307 3307 1
3308 3308 1
3309 3309 1
3309 3310 0.333333
3310 3309 0.333333
3310 3310 1.11111
3311 3311 1
3312 3312 1
3312 3313 0.25
3313 3312 0.25
3313 3313 1.0625
3314 3314 1
3315 3315 1
3316 3316 1
3317 3317 1
3318 3318 1
3318 3382 1
3319 3319 1
3320 3256 1
3320 3320 2
3320 3321 0.333333
3320 3384 0.333333
3321 3320 0.333333
3321 3321 1.11111
3321 3322 0.333333
3321 3384 0.111111
3322 3258 0.5
3322 3321 0.333333
3322 3322 1.36111
3323 3323 1
3324 3324 1
3325 3325 1
3326 3326 1
3326 3327 0.333333
3327 3326 0.333333
3327 3327 1.11111
3327 3328 0.333333
3328 3327 0.333333
3328 3328 1.11111
3329 3329 1
3330 3330 1
3331 3331 1
3332 3332 1
3333 3333 1
3334 3334 1
3335 3335 1
3336 3336 1
3337 3337 1
3338 3338 1
3339 3339 1
3340 3340 1
3341 3341 1
3342 3278 0.5
3342 3342 1.25
3343 3343 1
3344 3280 1
3344 3344 2
3344 3345 0.333333
3345 3344 0.333333
3345 3345 1.11111
3345 3409 0.5
3346 3346 1
3347 3347 1
3348 3348 1
3349 3349 1
3350 3350 1
3351 3351 1
3352 3352 1
3353 3353 1
3353 3354 0.5
3354 3290 0.333333
3354 3353 0.5
3354 3354 1.36111
3355 3355 1
3356 3356 1
3356 3357 0.333333
3356 3420 0.333333
3357 3356 0.333333
3357 3357 1.11111
3357 3420 0.111111
3358 3358 1
3359 3359 1
3360 3360 1
3360 3361 0.25
3361 3297 0.25
3361 3298 0.0625
3361 3360 0.25
3361 3361 1.125
3362 3362 1
3363 3299 0.333333
3363 3363 1.11111
3364 3364 1
3365 3365 1
3366 3366 1
3367 3303 0.333333
3367 3367 1.11111
3367 3368 0.5
3368 3367 0.5
3368 3368 1.25
3368 3369 0.333333
3369 3368 0.333333
3369 3369 1.11111
3370 3370 1
3371 3371 1
3372 3372 1
3373 3373 1
3374 3374 1
3375 3375 1
3376 3376 1
3377 3377 1
3378 3378 1
3379 3379 1
3380 3380 1
3381 3381 1
3381 3382 0.5
3382 3318 1
3382 3381 0.5
3382 3382 2.25
3382 3383 0.25
3383 3382 0.25
3383 3383 1.0625
3383 3384 0.5
3384 3320 0.333333
3384 3321 0.111111
3384 3383 0.5
3384 3384 1.36111
3385 3385 1
3386 3386 1
3387 3387 1
3388 3388 1
3388 3389 0.25
3388 3452 0.25
3389 3388 0.25
3389 3389 1.0625
3389 3452 0.0625
3389 3453 0.25
3390 3390 1
3391 3391 1
3392 3392 1
3392 3456 0.5
3393 3393 1
3394 3394 1
3395 3395 1
3396 3396 1
3396 3397 0.5
3397 3396 0.5
3397 3397 1.25
3397 3398 0.25
3398 3397 0.25
3398 3398 1.0625
3399 3399 1
3400 3400 1
3400 3464 0.333333
3401 3401 1
3402 3402 1
3403 3403 1
3404 3404 1
3405 3405 1
3406 3406 1
3407 3407 1
3408 3408 1
3409 3345 0.5
3409 3409 1.25
3410 3410 1
3411 3411 1
3412 3412 1
3413 3413 1
3414 3414 1
3415 3415 1
3416 3416 1
3417 3417 1
3418 3418 1
3419 3419 1
3420 3356 0.333333
3420 3357 0.111111
3420 3420 1.11111
3421 3421 1
3422 3422 1
3423 3423 1
3424 3424 1
3425 3425 1
3426 3426 1
3427 3427 1
3428 3428 1
3429 3429 1
3430 3430 1
3430 3494 1
3431 3431 1
3432 3432 1
3433 3433 1
3434 3434 1
3435 3435 1
3436 3436 1
3437 3437 1
3437 3438 0.5
3438 3437 0.5
3438 3438 1.25
3438 3502 0.5
3439 3439 1
3440 3440 1
3441 3441 1
3442 3442 1
3443 3443 1
3444 3444 1
3444 3508 0.333333
3445 3445 1
3446 3446 1
3447 3447 1
3448 3448 1
3449 3449 1
3450 3450 1
3451 3451 1
3452 3388 0.25
3452 3389 0.0625
3452 3452 1.0625
3452 3453 0.25
3452 3516 0.25
3453 3389 0.25
3453 3452 0.25
3453 3453 1.125
3453 3516 0.0625
3454 3454 1
3455 3455 1
3456 3392 0.5
3456 3456 1.25
3456 3520 0.333333
3457 3457 1
3458 3458 1
3459 3459 1
3460 3460 1
3461 3461 1
3462 3462 1
3463 3463 1
3463 3464 0.5
3464 3400 0.333333
3464 3463 0.5
3464 3464 1.36111
3465 3465 1
3466 3466 1
3467 3467 1
3468 3468 1
3469 3469 1
3470 3470 1
3471 3471 1
3472 3472 1
3473 3473 1
3474 3474 1
3475 3475 1
3475 3476 0.5
3476 3475 0.5
3476 3476 1.25
3476 3477 0.25
3477 3476 0.25
3477 3477 1.0625
3477 3478 0.333333
3478 3477 0.333333
3478 3478 1.11111
3479 3479 1
3480 3480 1
3480 3544 1
3481 3481 1
3482 3482 1
3482 3483 0.333333
3482 3546 0.333333
3483 3482 0.333333
3483 3483 1.11111
3483 3546 0.111111
3483 3547 0.333333
3484 3484 1
3485 3485 1
3486 3486 1
3487 3487 1
3488 3488 1
3489 3489 1
3490 3490 1
3491 3491 1
3492 3492 1
3493 3493 1
3494 3430 1
3494 3494 2
3495 3495 1
3496 3496 1
3496 3497 0.333333
3497 3496 0.333333
3497 3497 1.11111
3498 3498 1
3499 3499 1
3500 3500 1
3500 3564 1
3501 3501 1
3502 3438 0.5
3502 3502 1.25
3502 3566 0.333333
3503 3503 1
3504 3504 1
3505 3505 1
3505 3506 0.5
3505 3569 0.5
3506 3505 0.5
3506 3506 1.25
3506 3507 0.5
3506 3569 0.25
3507 3506 0.5
3507 3507 1.25
3507 3508 0.25
3508 3444 0.333333
3508 3507 0.25
3508 3508 1.17361
3509 3509 1
3510 3510 1
3511 3511 1
3511 3575 0.5
3512 3512 1
3513 3513 1
3514 3514 1
3514 3515 0.5
3515 3514 0.5
3515 3515 1.25
3515 3516 0.333333
3516 3452 0.25
3516 3453 0.0625
3516 3515 0.333333
3516 3516 1.17361
3516 3580 0.333333
3517 3517 1
3518 3518 1
3519 3519 1
3520 3456 0.333333
3520 3520 1.11111
3520 3521 0.25
3521 3520 0.25
3521 3521 1.0625
3521 3585 0.5
3522 3522 1
3523 3523 1
3524 3524 1
3525 3525 1
3526 3526 1
3527 3527 1
3528 3528 1
3529 3529 1
3530 3530 1
3531 3531 1
3532 3532 1
3533 3533 1
3534 3534 1
3534 3535 0.333333
3535 3534 0.333333
3535 3535 1.11111
3535 3536 0.333333
3536 3535 0.333333
3536 3536 1.11111
3536 3537 0.5
3537 3536 0.5
3537 3537 1.25
3537 3601 0.333333
3538 3538 1
3539 3539 1
3540 3540 1
3541 3541 1
3542 3542 1
3543 3543 1
3544 3480 1
3544 3544 2
3545 3545 1
3546 3482 0.333333
3546 3483 0.111111
3546 3546 1.11111
3546 3547 0.333333
3547 3483 0.333333
3547 3546 0.333333
3547 3547 1.22222
3548 3548 1
3549 3549 1
3550 3550 1
3551 3551 1
3551 3552 0.333333
3552 3551 0.333333
3552 3552 1.11111
3552 3553 0.25
3553 3552 0.25
3553 3553 1.0625
3554 3554 1
3555 3555 1
3556 3556 1
3557 3557 1
3557 3621 0.5
3558 3558 1
3559 3559 1
3560 3560 1
3561 3561 1
3562 3562 1
3562 3563 0.333333
3563 3562 0.333333
3563 3563 1.11111
3563 3564 0.5
3564 3500 1
3564 3563 0.5
3564 3564 2.25
3564 3565 0.25
3564 3628 0.25
3565 3564 0.25
3565 3565 1.0625
3565 3566 0.5
3565 3628 0.0625
3566 3502 0.333333
3566 3565 0.5
3566 3566 1.36111
3567 3567 1
3568 3568 1
3569 3505 0.5
3569 3506 0.25
3569 3569 1.25
3570 3570 1
3571 3571 1
3572 3572 1
3573 3573 1
3574 3574 1
3575 3511 0.5
3575 3575 1.25
3575 3576 0.5
3576 3575 0.5
3576 3576 1.25
3576 3577 0.5
3577 3576 0.5
3577 3577 1.25
3577 3641 0.333333
3578 3578 1
3579 3579 1
3580 3516 0.333333
3580 3580 1.11111
3580 3644 0.5
3581 3581 1
3582 3582 1
3583 3583 1
3584 3584 1
3585 3521 0.5
3585 3585 1.25
3586 3586 1
3587 3587 1
3588 3588 1
3589 3589 1
3590 3590 1
3591 3591 1
3591 3655 0.5
3592 3592 1
3593 3593 1
3594 3594 1
3595 3595 1
3596 3596 1
3597 3597 1
3597 3661 0.5
3598 3598 1
3599 3599 1
3600 3600 1
3601 3537 0.333333
3601 3601 1.11111
3601 3602 0.333333
3602 3601 0.333333
3602 3602 1.11111
3602 3603 0.333333
3603 3602 0.333333
3603 3603 1.11111
3603 3667 0.333333
3604 3604 1
3605 3605 1
3606 3606 1
3607 3607 1
3608 3608 1
3609 3609 1
3610 3610 1
3611 3611 1
3612 3612 1
3613 3613 1
3614 3614 1
3615 3615 1
3616 3616 1
3617 3617 1
3618 3618 1
3619 3619 1
3620 3620 1
3621 3557 0.5
3621 3621 1.25
3622 3622 1
3623 3623 1
3623 3624 0.333333
3624 3623 0.333333
3624 3624 1.11111
3624 3625 0.333333
3625 3624 0.333333
3625 3625 1.11111
3626 3626 1
3627 3627 1
3628 3564 0.25
3628 3565 0.0625
3628 3628 1.0625
3628 3692 0.5
3629 3629 1
3630 3630 1
3631 3631 1
3632 3632 1
3633 3633 1
3634 3634 1
3634 3635 0.333333
3634 3698 0.333333
3635 3634 0.333333
3635 3635 1.11111
3635 3698 0.111111
3635 3699 0.25
3636 3636 1
3637 3637 1
3638 3638 1
3639 3639 1
3640 3640 1
3641 3577 0.333333
3641 3641 1.11111
3641 3642 0.333333
3641 3705 0.333333
3642 3641 0.333333
3642 3642 1.11111
3642 3705 0.111111
3642 3706 0.333333
3643 3643 1
3644 3580 0.5
3644 3644 1.25
3644 3708 0.333333
3645 3645 1
3646 3646 1
3647 3647 1
3648 3648 1
3649 3649 1
3650 3650 1
3651 3651 1
3652 3652 1
3653 3653 1
3654 3654 1
3654 3655 0.5
3655 3591 0.5
3655 3654 0.5
3655 3655 1.5
3656 3656 1
3657 3657 1
3658 3658 1
3658 3722 0.25
3659 3659 1
3660 3660 1
3660 3661 0.333333
3660 3724 0.333333
3661 3597 0.5
3661 3660 0.333333
3661 3661 1.36111
3661 3662 0.25
3661 3724 0.111111
3662 3661 0.25
3662 3662 1.0625
3662 3663 0.25
3662 3726 0.25
3663 3662 0.25
3663 3663 1.0625
3663 3726 0.0625
3664 3664 1
3665 3665 1
3666 3666 1
3667 3603 0.333333
3667 3667 1.11111
3668 3668 1
3669 3669 1
3669 3670 1
3670 3669 1
3670 3670 2
3671 3671 1
3672 3672 1
3673 3673 1
3674 3674 1
3675 3675 1
3676 3676 1
3677 3677 1
3678 3678 1
3679 3679 1
3680 3680 1
3681 3681 1
3682 3682 1
3683 3683 1
3684 3684 1
3685 3685 1
3686 3686 1
3687 3687 1
3688 3688 1
3689 3689 1
3690 3690 1
3691 3691 1
3691 3692 1
3692 3628 0.5
3692 3691 1
3692 3692 2.25
3693 3693 1
3694 3694 1
3694 3695 0.25
3695 3694 0.25
3695 3695 1.0625
3695 3759 0.5
3696 3696 1
3697 3697 1
3697 3698 0.5
3698 3634 0.333333
3698 3635 0.111111
3698 3697 0.5
3698 3698 1.36111
3698 3699 0.25
3699 3635 0.25
3699 3698 0.25
3699 3699 1.125
3699 3763 0.25
3700 3700 1
3701 3701 1
3702 3702 1
3702 3766 1
3703 3703 1
3704 3704 1
3705 3641 0.333333
3705 3642 0.111111
3705 3705 1.11111
3705 3706 0.25
3706 3642 0.333333
3706 3705 0.25
3706 3706 1.17361
3706 3770 0.25
3707 3707 1
3708 3644 0.333333
3708 3708 1.11111
3708 3709 0.25
3708 3772 0.25
3709 3708 0.25
3709 3709 1.0625
3709 3710 0.333333
3709 3772 0.0625
3709 3773 0.333333
3710 3709 0.333333
3710 3710 1.11111
3710 3773 0.111111
3711 3711 1
3712 3712 1
3712 3776 0.333333
3713 3713 1
3714 3714 1
3715 3715 1
3716 3716 1
3717 3717 1
3718 3718 1
3719 3719 1
3720 3720 1
3721 3721 1
3722 3658 0.25
3722 3722 1.0625
3722 3786 0.333333
3723 3723 1
3724 3660 0.333333
3724 3661 0.111111
3724 3724 1.11111
3725 3725 1
3726 3662 0.25
3726 3663 0.0625
3726 3726 1.0625
3727 3727 1
3728 3728 1
3729 3729 1
3730 3730 1
3731 3731 1
3732 3732 1
3733 3733 1
3734 3734 1
3735 3735 1
3736 3736 1
3737 3737 1
3738 3738 1
3739 3739 1
3740 3740 1
3741 3741 1
3742 3742 1
3743 3743 1
3744 3744 1
3745 3745 1
3746 3746 1
3747 3747 1
3748 3748 1
3749 3749 1
3750 3750 1
3751 3751 1
3752 3752 1
3752 3753 0.333333
3753 3752 0.333333
3753 3753 1.11111
3753 3817 0.333333
3754 3754 1
3755 3755 1
3756 3756 1
3757 3757 1
3758 3758 1
3759 3695 0.5
3759 3759 1.25
3759 3760 0.333333
3760 3759 0.333333
3760 3760 1.11111
3760 3824 0.5
3761 3761 1
3762 3762 1
3763 3699 0.25
3763 3763 1.0625
3763 3827 0.333333
3764 3764 1
3765 3765 1
3766 3702 1
3766 3766 2
3766 3767 0.5
3767 3766 0.5
3767 3767 1.25
3768 3768 1
3769 3769 1
3770 3706 0.25
3770 3770 1.0625
3771 3771 1
3772 3708 0.25
3772 3709 0.0625
3772 3772 1.0625
3772 3773 0.333333
3773 3709 0.333333
3773 3710 0.111111
3773 3772 0.333333
3773 3773 1.22222
3774 3774 1
3775 3775 1
3776 3712 0.333333
3776 3776 1.11111
3777 3777 1
3778 3778 1
3778 3842 0.333333
3779 3779 1
3780 3780 1
3781 3781 1
3782 3782 1
3783 3783 1
3784 3784 1
3785 3785 1
3786 3722 0.333333
3786 3786 1.11111
3787 3787 1
3788 3788 1
3789 3789 1
3790 3790 1
3791 3791 1
3792 3792 1
3793 3793 1
3794 3794 1
3794 3858 0.333333
3795 3795 1
3796 3796 1
3797 3797 1
3798 3798 1
3799 3799 1
3800 3800 1
3801 3801 1
3802 3802 1
3802 3803 0.5
3803 3802 0.5
3803 3803 1.25
3804 3804 1
3805 3805 1
3806 3806 1
3807 3807 1
3808 3808 1
3809 3809 1
3810 3810 1
3811 3811 1
3812 3812 1
3813 3813 1
3814 3814 1
3815 3815 1
3816 3816 1
3817 3753 0.333333
3817 3817 1.11111
3818 3818 1
3819 3819 1
3820 3820 1
3821 3821 1
3822 3822 1
3823 3823 1
3824 3760 0.5
3824 3824 1.25
3824 3825 0.333333
3825 3824 0.333333
3825 3825 1.11111
3825 3826 0.333333
3826 3825 0.333333
3826 3826 1.11111
3826 3827 0.25
3826 3890 0.25
3827 3763 0.333333
3827 3826 0.25
3827 3827 1.17361
3827 3890 0.0625
3828 3828 1
3829 3829 1
3830 3830 1
3831 3831 1
3832 3832 1
3833 3833 1
3834 3834 1
3835 3835 1
3836 3836 1
3837 3837 1
3838 3838 1
3839 3839 1
3840 3840 1
3841 3841 1
3841 3842 0.333333
3841 3905 0.333333
3842 3778 0.333333
3842 3841 0.333333
3842 3842 1.22222
3842 3905 0.111111
3843 3843 1
3844 3844 1
3845 3845 1
3846 3846 1
3846 3910 0.333333
3847 3847 1
3848 3848 1
3849 3849 1
3850 3850 1
3851 3851 1
3851 3852 0.333333
3852 3851 0.333333
3852 3852 1.11111
3852 3853 0.25
3852 3916 0.25
3853 3852 0.25
3853 3853 1.0625
3853 3916 0.0625
3853 3917 0.333333
3854 3854 1
3855 3855 1
3856 3856 1
3857 3857 1
3857 3858 0.5
3857 3921 0.5
3858 3794 0.333333
3858 3857 0.5
3858 3858 1.36111
3858 3921 0.25
3859 3859 1
3860 3860 1
3861 3861 1
3862 3862 1
3863 3863 1
3864 3864 1
3865 3865 1
3866 3866 1
3867 3867 1
3868 3868 1
3869 3869 1
3869 3870 0.5
3869 3933 0.5
3870 3869 0.5
3870 3870 1.25
3870 3933 0.25
3871 3871 1
3872 3872 1
3873 3873 1
3874 3874 1
3875 3875 1
3876 3876 1
3877 3877 1
3878 3878 1
3879 3879 1
3880 3880 1
3881 3881 1
3882 3882 1
3883 3883 1
3884 3884 1
3885 3885 1
3886 3886 1
3887 3887 1
3888 3888 1
3889 3889 1
3890 3826 0.25
3890 3827 0.0625
3890 3890 1.0625
3890 3954 0.25
3891 3891 1
3892 3892 1
3892 3956 0.333333
3893 3893 1
3894 3894 1
3895 3895 1
3895 3959 0.333333
3896 3896 1
3897 3897 1
3898 3898 1
3898 3899 0.5
3898 3962 0.5
3899 3898 0.5
3899 3899 1.25
3899 3962 0.25
3900 3900 1
3901 3901 1
3902 3902 1
3903 3903 1
3903 3904 0.333333
3904 3903 0.333333
3904 3904 1.11111
3905 3841 0.333333
3905 3842 0.111111
3905 3905 1.11111
3905 3969 0.333333
3906 3906 1
3907 3907 1
3908 3908 1
3909 3909 1
3909 3910 0.333333
3910 3846 0.333333
3910 3909 0.333333
3910 3910 1.22222
3911 3911 1
3912 3912 1
3913 3913 1
3914 3914 1
3915 3915 1
3916 3852 0.25
3916 3853 0.0625
3916 3916 1.0625
3916 3917 0.333333
3917 3853 0.333333
3917 3916 0.333333
3917 3917 1.22222
3917 3981 0.25
3918 3918 1
3919 3919 1
3920 3920 1
3921 3857 0.5
3921 3858 0.25
3921 3921 1.25
3921 3985 0.333333
3922 3922 1
3923 3923 1
3924 3924 1
3925 3925 1
3926 3926 1
3926 3927 0.333333
3926 3990 0.333333
3927 3926 0.333333
3927 3927 1.11111
3927 3928 0.25
3927 3990 0.111111
3927 3991 0.25
3928 3927 0.25
3928 3928 1.0625
3928 3991 0.0625
3929 3929 1
3930 3930 1
3930 3994 0.5
3931 3931 1
3932 3932 1
3932 3933 1
3933 3869 0.5
3933 3870 0.25
3933 3932 1
3933 3933 2.25
3933 3997 0.25
3934 3934 1
3935 3935 1
3936 3936 1
3937 3937 1
3938 3938 1
3939 3939 1
3939 3940 0.25
3940 3939 0.25
3940 3940 1.0625
3941 3941 1
3942 3942 1
3943 3943 1
3943 4007 0.5
3944 3944 1
3945 3945 1
3945 4009 0.333333
3946 3946 1
3947 3947 1
3948 3948 1
3949 3949 1
3950 3950 1
3951 3951 1
3952 3952 1
3953 3953 1
3953 3954 0.25
3953 4017 0.25
3954 3890 0.25
3954 3953 0.25
3954 3954 1.125
3954 4017 0.0625
3955 3955 1
3956 3892 0.333333
3956 3956 1.11111
3956 3957 0.5
3957 3956 0.5
3957 3957 1.25
3958 3958 1
3959 3895 0.333333
3959 3959 1.11111
3959 4023 0.25
3960 3960 1
3961 3961 1
3961 3962 0.333333
3962 3898 0.5
3962 3899 0.25
3962 3961 0.333333
3962 3962 1.36111
3963 3963 1
3964 3964 1
3965 3965 1
3965 3966 0.5
3965 4029 0.5
3966 3965 0.5
3966 3966 1.25
3966 4029 0.25
3966 4030 0.333333
3967 3967 1
3968 3968 1
3968 3969 0.333333
3968 4032 0.333333
3969 3905 0.333333
3969 3968 0.333333
3969 3969 1.22222
3969 4032 0.111111
3970 3970 1
3971 3971 1
3972 3972 1
3973 3973 1
3974 3974 1
3975 3975 1
3975 4039 0.333333
3976 3976 1
3977 3977 1
3978 3978 1
3979 3979 1
3980 3980 1
3981 3917 0.25
3981 3981 1.0625
3982 3982 1
3983 3983 1
3983 3984 0.5
3984 3983 0.5
3984 3984 1.25
3984 3985 0.333333
3984 4048 0.333333
3985 3921 0.333333
3985 3984 0.333333
3985 3985 1.22222
3985 4048 0.111111
3985 4049 0.25
3986 3986 1
3987 3987 1
3988 3988 1
3989 3989 1
3990 3926 0.333333
3990 3927 0.111111
3990 3990 1.11111
3990 3991 0.25
3990 4054 0.25
3991 3927 0.25
3991 3928 0.0625
3991 3990 0.25
3991 3991 1.125
3991 4054 0.0625
3992 3992 1
3993 3993 1
3994 3930 0.5
3994 3994 1.25
3994 3995 0.25
3994 4058 0.25
3995 3994 0.25
3995 3995 1.0625
3995 4058 0.0625
3995 4059 0.5
3996 3996 1
3997 3933 0.25
3997 3997 1.0625
3997 3998 0.5
3998 3997 0.5
3998 3998 1.25
3998 3999 0.25
3998 4062 0.25
3999 3998 0.25
3999 3999 1.0625
3999 4062 0.0625
4000 4000 1
4001 4001 1
4002 4002 1
4003 4003 1
4004 4004 1
4005 4005 1
4006 4006 1
4007 3943 0.5
4007 4007 1.25
4008 4008 1
4009 3945 0.333333
4009 4009 1.11111
4010 4010 1
4011 4011 1
4012 4012 1
4013 4013 1
4014 4014 1
4014 4015 0.333333
4015 4014 0.333333
4015 4015 1.11111
4015 4016 0.25
4016 4015 0.25
4016 4016 1.0625
4016 4017 0.25
4017 3953 0.25
4017 3954 0.0625
4017 4016 0.25
4017 4017 1.125
4017 4081 0.333333
4018 4018 1
4019 4019 1
4020 4020 1
4021 4021 1
4022 4022 1
4022 4023 0.333333
4023 3959 0.25
4023 4022 0.333333
4023 4023 1.17361
4023 4024 0.333333
4024 4023 0.333333
4024 4024 1.11111
4024 4088 0.25
4025 4025 1
4026 4026 1
4027 4027 1
4028 4028 1
4029 3965 0.5
4029 3966 0.25
4029 4029 1.25
4029 4030 0.333333
4030 3966 0.333333
4030 4029 0.333333
4030 4030 1.22222
4031 4031 1
4032 3968 0.333333
4032 3969 0.111111
4032 4032 1.11111
4033 4033 1
4034 4034 1
4035 4035 1
4036 4036 1
4037 4037 1
4038 4038 1
4039 3975 0.333333
4039 4039 1.11111
4040 4040 1
4041 4041 1
4042 4042 1
4043 4043 1
4044 4044 1
4045 4045 1
4046 4046 1
4047 4047 1
4048 3984 0.333333
4048 3985 0.111111
4048 4048 1.11111
4048 4049 0.333333
4049 3985 0.25
4049 4048 0.333333
4049 4049 1.17361
4050 4050 1
4051 4051 1
4052 4052 1
4053 4053 1
4054 3990 0.25
4054 3991 0.0625
4054 4054 1.0625
4055 4055 1
4056 4056 1
4057 4057 1
4057 4058 0.333333
4058 3994 0.25
4058 3995 0.0625
4058 4057 0.333333
4058 4058 1.17361
4058 4059 0.25
4059 3995 0.5
4059 4058 0.25
4059 4059 1.3125
4060 4060 1
4061 4061 1
4062 3998 0.25
4062 3999 0.0625
4062 4062 1.0625
4063 4063 1
4064 4064 1
4065 4065 1
4066 4066 1
4067 4067 1
4068 4068 1
4069 4069 1
4070 4070 1
4071 4071 1
4072 4072 1
4073 4073 1
4074 4074 1
4075 4075 1
4075 4076 0.333333
4076 4075 0.333333
4076 4076 1.11111
4077 4077 1
4078 4078 1
4079 4079 1
4080 4080 1
4081 4017 0.333333
4081 4081 1.11111
4082 4082 1
4083 4083 1
4084 4084 1
4085 4085 1
4086 4086 1
4087 4087 1
4088 4024 0.25
4088 4088 1.0625
4088 4089 0.333333
4089 4088 0.333333
4089 4089 1.11111
4090 4090 1
4091 4091 1
4092 4092 1
4093 4093 1
4094 4094 1
4095 4095 1
=============MAT_END==============
